CAL_064 0.0 0.0 0.0 0.0 0.0 0.0 0.0 0.0 0.0 0.0 0.0 0.0 0.0 0.0 0.0
CAL_192 0.0 0.0 0.0 0.0 0.0 0.0 0.0 0.0 0.0 0.0 0.0 0.0 0.0 0.0 0.0
CAL_274 0.0 0.0 0.0 0.0 0.0 0.0 0.0 0.0 0.0 0.0 0.0 0.0 0.0 0.0 0.0
CAL_304 0.0 0.0 0.0 0.0 0.0 0.0 0.0 0.0 0.0 0.0 0.0 0.0 0.0 0.0 0.0
CAL_318 0.0 0.0 0.0 0.0 0.0 0.0 0.0 0.0 0.0 0.0 0.0 0.0 0.0 0.0 0.0
CAL_319 0.0 0.0 0.0 0.0 0.0 0.0 0.0 0.0 0.0 0.0 0.0 0.0 0.0 0.0 0.0
CAL_342 0.0 0.0 0.0 0.0 0.0 0.0 0.0 0.0 0.0 0.0 0.0 0.0 0.0 0.0 0.0
CAL_42B 0.0 0.0 0.0 0.0 0.0 0.0 0.0 0.0 0.0 0.0 0.0 0.0 0.0 0.0 0.0
CAL_45C 0.0 0.0 0.0 0.0 0.0 0.0 0.0 0.0 0.0 0.0 0.0 0.0 0.0 0.0 0.0
CAL_57C 0.0 0.0 0.0 0.0 0.0 0.0 0.0 0.0 0.0 0.0 0.0 0.0 0.0 0.0 0.0
CAL_81D 0.0 0.0 0.0 0.0 0.0 0.0 0.0 0.0 0.0 0.0 0.0 0.0 0.0 0.0 0.0
CTY_ALH 463.842803981 463.842803981 463.842803981 463.842803981 463.842803981 463.842803981 2496.09204425 3000.0 3000.0 3000.0 3000.0 3000.0 3000.0 3000.0 3000.0
CTY_ARC 0.0 0.0 0.0 0.0 0.0 0.0 0.0 0.0 0.0 0.0 0.0 0.0 0.0 0.0 0.0
CTY_AZU 0.0 0.0 0.0 0.0 0.0 0.0 0.0 0.0 0.0 0.0 0.0 0.0 0.0 0.0 0.0
CTY_BEL 17.0 17.0 17.0 17.0 17.0 17.0 17.0 17.0 17.0 17.0 17.0 17.0 17.0 17.0 17.0
CTY_BHL 4830.31250397 4830.31250397 4830.31250397 4830.31250397 4830.31250397 4830.31250397 5222.61525869 6141.31250397 6141.31250397 6141.31250397 4235.62653406 4235.62653406 4235.62653406 4235.62653406 4235.62653406
CTY_BUR 8225.5101803 7398.38856886 8225.5101803 8225.5101803 7511.66550459 4835.63947214 12399.3050383 13385.5101803 13385.5101803 13385.5101803 3947.16305689 3947.16305689 3947.16305689 3947.16305689 3947.16305689
CTY_CER 0.0 0.0 0.0 0.0 0.0 0.0 1150.0 1150.0 1150.0 1150.0 1150.0 1150.0 1150.0 1150.0 1150.0
CTY_CLM 0.0 0.0 0.0 0.0 0.0 0.0 0.0 0.0 0.0 0.0 0.0 0.0 0.0 0.0 0.0
CTY_COV 685.0 685.0 685.0 685.0 685.0 685.0 685.0 685.0 685.0 685.0 685.0 685.0 685.0 685.0 685.0
CTY_CPT 2764.15546084 2764.15546084 2764.15546084 2764.15546084 2764.15546084 2764.15546084 5011.9995652 5058.0 5058.0 5058.0 5058.0 5058.0 5058.0 5058.0 5058.0
CTY_DOW 710.0 710.0 710.0 710.0 710.0 710.0 710.0 710.0 710.0 710.0 710.0 710.0 710.0 710.0 710.0
CTY_ELM 0.0 0.0 0.0 0.0 0.0 0.0 0.0 0.0 0.0 0.0 0.0 0.0 0.0 0.0 0.0
CTY_ELS 7561.58776576 7561.58776576 7561.58776576 7561.58776576 7561.58776576 7561.58776576 7561.58776576 7561.58776576 7561.58776576 7561.58776576 5524.88203734 5524.88203734 5524.88203734 5524.88203734 5524.88203734
CTY_GDL 15520.9946632 5534.01329442 17635.0557508 19376.9946632 5590.1963945 11122.1604524 8979.59295988 21141.9946632 21141.9946632 21141.9946632 12393.3160693 12088.9319499 12393.3160693 12393.3160693 12393.3160693
CTY_GDR 0.0 0.0 0.0 0.0 0.0 0.0 1632.53843717 2275.0 2275.0 2275.0 2275.0 2275.0 2275.0 2275.0 2275.0
CTY_HUP 1851.0 1851.0 1851.0 1851.0 1851.0 1851.0 1851.0 1851.0 1851.0 1851.0 1851.0 1851.0 1851.0 1851.0 1851.0
CTY_IND 0.0 0.0 0.0 0.0 0.0 0.0 0.0 0.0 0.0 0.0 0.0 0.0 0.0 0.0 0.0
CTY_ING 683.0 683.0 683.0 683.0 683.0 683.0 683.0 683.0 683.0 683.0 683.0 683.0 683.0 683.0 683.0
CTY_IRW 0.0 0.0 0.0 0.0 0.0 0.0 0.0 0.0 0.0 0.0 0.0 0.0 0.0 0.0 0.0
CTY_LAV 2327.32775999 2327.32775999 2327.32775999 2327.32775999 2327.32775999 2327.32775999 2526.07238155 3657.32775999 3657.32775999 3657.32775999 3657.32775999 3657.32775999 3657.32775999 3657.32775999 3657.32775999
CTY_LAX 323100.65735 333914.760331 329448.0 327795.105908 342295.748852 339439.810827 380160.38858 488699.24151 445064.3 507060.105908 309582.841006 309582.841006 373661.187416 309582.841006 309582.841006
CTY_LBH 16748.7934819 16748.7934819 16748.7934819 16748.7934819 16748.7934819 16748.7934819 23129.6322204 39471.0 39471.0 39471.0 31280.1933376 31280.1933376 31280.1933376 31280.1933376 31280.1933376
CTY_LKW 0.0 0.0 0.0 0.0 0.0 0.0 0.0 0.0 0.0 0.0 0.0 0.0 0.0 0.0 0.0
CTY_LOM 0.0 0.0 0.0 0.0 0.0 0.0 0.0 0.0 0.0 0.0 0.0 0.0 0.0 0.0 0.0
CTY_LYN 456.178934083 456.178934083 456.178934083 456.178934083 456.178934083 456.178934083 975.0 975.0 975.0 975.0 975.0 975.0 975.0 975.0 975.0
CTY_MBC 3093.24109621 3093.24109621 3093.24109621 3093.24109621 3093.24109621 3093.24109621 3843.69171704 4224.24109621 4224.24109621 4224.24109621 2851.94861992 2851.94861992 2851.94861992 2851.94861992 2851.94861992
CTY_MON 0.0 0.0 0.0 0.0 0.0 0.0 0.0 0.0 0.0 0.0 0.0 0.0 0.0 0.0 0.0
CTY_MTP 0.0 0.0 0.0 0.0 0.0 0.0 0.0 0.0 0.0 0.0 0.0 0.0 0.0 0.0 0.0
CTY_NOR 102.0 102.0 102.0 102.0 102.0 102.0 202.0 202.0 202.0 202.0 202.0 202.0 202.0 202.0 202.0
CTY_PAR 732.689509592 732.689509592 732.689509592 732.689509592 732.689509592 732.689509592 3854.0 3854.0 3854.0 3854.0 3854.0 3854.0 3854.0 3854.0 3854.0
CTY_PAS 0.0 0.0 0.0 0.0 0.0 0.0 12453.69115 21180.0 21180.0 21180.0 8263.35208991 5864.89238601 13532.4553217 7307.1553302 4927.1553302
CTY_PCR 87.0 87.0 87.0 87.0 87.0 87.0 87.0 87.0 87.0 87.0 87.0 87.0 87.0 87.0 87.0
CTY_PNM 597.743044858 597.743044858 597.743044858 597.743044858 597.743044858 0.0 5504.65230549 6799.0 6799.0 6799.0 6799.0 6799.0 6799.0 6799.0 6799.0
CTY_SFE 630.0 630.0 630.0 630.0 630.0 630.0 630.0 630.0 630.0 630.0 630.0 630.0 630.0 630.0 630.0
CTY_SFS 780.0 780.0 780.0 780.0 780.0 780.0 3442.34170412 4123.27277225 4123.27277225 4123.27277225 2932.57265207 2932.57265207 2932.57265207 2932.57265207 2932.57265207
CTY_SGT 113.0 113.0 113.0 113.0 113.0 113.0 113.0 113.0 113.0 113.0 113.0 113.0 113.0 113.0 113.0
CTY_SIE 0.0 0.0 0.0 0.0 0.0 0.0 0.0 0.0 0.0 0.0 0.0 0.0 0.0 0.0 0.0
CTY_SIG 0.0 0.0 0.0 0.0 0.0 0.0 100.0 100.0 100.0 100.0 100.0 100.0 100.0 100.0 100.0
CTY_SMC 0.0 0.0 0.0 0.0 0.0 0.0 9236.77988519 11377.8720539 11383.2260041 11377.8720539 7240.54001215 7240.54001215 7240.54001215 7240.54001215 7240.54001215
CTY_SMR 0.0 0.0 0.0 0.0 0.0 0.0 0.0 0.0 0.0 0.0 0.0 0.0 0.0 0.0 0.0
CTY_SPA 0.0 0.0 0.0 0.0 0.0 0.0 0.0 0.0 0.0 0.0 0.0 0.0 0.0 0.0 0.0
CTY_TOR 12425.8638136 12425.8638136 12425.8638136 12425.8638136 12425.8638136 12425.8638136 12425.8638136 14944.8638136 14944.8638136 14944.8638136 10285.4459155 10285.4459155 10285.4459155 10285.4459155 10285.4459155
CTY_VER 885.0 885.0 885.0 885.0 885.0 885.0 2985.0 2985.0 2985.0 2985.0 2985.0 2985.0 2985.0 2985.0 2985.0
CTY_WHT 69.0 69.0 69.0 69.0 69.0 69.0 69.0 69.0 69.0 69.0 69.0 69.0 69.0 69.0 69.0
CWD_CRE 0.0 0.0 2532.0 2532.0 2532.0 2532.0 2532.0 2532.0 2532.0 2532.0 1976.91096467 1976.91096467 2095.54637383 1976.91096467 1976.91096467
CWD_LA1 0.0 0.0 0.0 0.0 0.0 0.0 0.0 0.0 0.0 0.0 0.0 0.0 0.0 0.0 0.0
CWD_LA2 130.0 130.0 130.0 130.0 130.0 130.0 130.0 130.0 130.0 130.0 130.0 130.0 130.0 130.0 130.0
CWD_LA3 0.0 0.0 0.0 0.0 0.0 0.0 0.0 0.0 0.0 0.0 0.0 0.0 0.0 0.0 0.0
CWD_LAH 0.0 0.0 0.0 0.0 0.0 0.0 260.0 260.0 260.0 260.0 260.0 260.0 260.0 260.0 260.0
CWD_LAP 0.0 0.0 0.0 0.0 0.0 0.0 0.0 0.0 0.0 0.0 0.0 0.0 0.0 0.0 0.0
CWD_ORC 100.0 100.0 100.0 100.0 100.0 100.0 100.0 100.0 100.0 100.0 100.0 100.0 100.0 100.0 100.0
CWD_PIC 25.0 25.0 25.0 25.0 25.0 25.0 25.0 25.0 25.0 25.0 25.0 25.0 25.0 25.0 25.0
CWD_ROW 10065.2737949 10065.2737949 10065.2737949 10065.2737949 10065.2737949 10065.2737949 10477.2737949 10477.2737949 10477.2737949 10477.2737949 7610.59220001 7206.34146819 10183.2001423 7206.34146819 7206.34146819
CWD_SAV 0.0 0.0 0.0 0.0 0.0 0.0 0.0 0.0 0.0 0.0 0.0 0.0 0.0 0.0 0.0
CWD_SGB 0.0 0.0 0.0 0.0 0.0 0.0 0.0 0.0 0.0 0.0 0.0 0.0 0.0 0.0 0.0
CWD_VAL 0.0 0.0 0.0 0.0 0.0 0.0 941.0 941.0 941.0 941.0 941.0 941.0 941.0 941.0 941.0
CWD_WVA 8091.61320063 8091.61320063 8091.61320063 8091.61320063 8091.61320063 8091.61320063 9733.94912683 10897.6132006 10897.6132006 10897.6132006 7573.5798706 6580.20783138 9208.39848029 7178.40854332 7178.40854332
GWB_CEN 0.0 0.0 0.0 0.0 0.0 0.0 0.0 0.0 0.0 0.0 0.0 0.0 0.0 0.0 0.0
GWB_CHI 0.0 0.0 0.0 0.0 0.0 0.0 0.0 0.0 0.0 0.0 0.0 0.0 0.0 0.0 0.0
GWB_HOL 0.0 0.0 0.0 0.0 0.0 0.0 0.0 0.0 0.0 0.0 0.0 0.0 0.0 0.0 0.0
GWB_MSG 0.0 0.0 0.0 0.0 0.0 0.0 0.0 0.0 0.0 0.0 0.0 0.0 0.0 0.0 0.0
GWB_PUE 0.0 0.0 0.0 0.0 0.0 0.0 0.0 0.0 0.0 0.0 0.0 0.0 0.0 0.0 0.0
GWB_RAY 0.0 0.0 0.0 0.0 0.0 0.0 0.0 0.0 0.0 0.0 0.0 0.0 0.0 0.0 0.0
GWB_SFE 0.0 0.0 0.0 0.0 0.0 0.0 0.0 0.0 0.0 0.0 0.0 0.0 0.0 0.0 0.0
GWB_SIX 0.0 0.0 0.0 0.0 0.0 0.0 0.0 0.0 0.0 0.0 0.0 0.0 0.0 0.0 0.0
GWB_SMC 0.0 0.0 0.0 0.0 0.0 0.0 0.0 0.0 0.0 0.0 0.0 0.0 0.0 0.0 0.0
GWB_SPA 0.0 0.0 0.0 0.0 0.0 0.0 0.0 0.0 0.0 0.0 0.0 0.0 0.0 0.0 0.0
GWB_SYL 0.0 0.0 0.0 0.0 0.0 0.0 0.0 0.0 0.0 0.0 0.0 0.0 0.0 0.0 0.0
GWB_VER 0.0 0.0 0.0 0.0 0.0 0.0 0.0 0.0 0.0 0.0 0.0 0.0 0.0 0.0 0.0
GWB_WCS 0.0 0.0 0.0 0.0 0.0 0.0 0.0 0.0 0.0 0.0 36025.0 36024.999999 36025.0 36025.0 36025.0
INF_BTD 0.0 0.0 0.0 0.0 0.0 0.0 0.0 0.0 0.0 0.0 0.0 0.0 0.0 0.0 0.0
INF_CAS 213013.520661 96821.3801653 98959.7577746 185385.771108 432195.933032 170690.538638 294725.331175 339223.95264 301692.703587 362789.54306 457368.682369 242304.290112 206313.735669 125298.502832 253074.044377
INF_COL 0.0 0.0 0.0 0.0 0.0 0.0 0.0 0.0 0.0 0.0 0.0 0.0 0.0 0.0 0.0
INF_CSB 22000.000001 22000.000001 22000.000001 22000.000001 22000.000001 22000.000001 22000.000001 22000.000001 22000.000001 22000.000001 22000.000001 22000.000001 22000.000001 22000.000001 22000.000001
INF_DVR 0.0 102986.520661 20610.0 60659.3706661 88614.0 178699.933032 210688.969072 184646.940018 211159.465576 155675.773196 112764.13264 282630.947002 124223.294503 99494.2659108 117272.910523
INF_HAN 0.0 0.0 0.0 0.0 0.0 0.0 0.0 0.0 0.0 0.0 0.0 0.0 0.0 0.0 0.0
INF_LAR 239873.448432 0.0 0.0 4367.72529571 149929.167203 165761.659069 82402.5242165 148174.475783 103190.0 276394.0 280235.0 33941.5242165 50513.0 28605.4757835 151126.0
INF_LMR 0.0 0.0 0.0 0.0 0.0 0.0 0.0 0.0 0.0 0.0 0.0 0.0 0.0 0.0 0.0
INF_LOD 0.0 0.0 0.0 0.0 0.0 0.0 0.0 0.0 0.0 0.0 0.0 0.0 0.0 0.0 0.0
INF_LPB 0.0 0.0 0.0 0.0 0.0 0.0 0.0 0.0 0.0 0.0 0.0 0.0 0.0 0.0 0.0
INF_LR2 0.0 0.0 0.0 0.0 0.0 0.0 0.0 0.0 0.0 0.0 0.0 0.0 0.0 0.0 0.0
INF_LR3 0.0 0.0 0.0 0.0 0.0 0.0 0.0 0.0 0.0 0.0 0.0 0.0 0.0 0.0 0.0
INF_LR4 0.0 0.0 0.0 0.0 0.0 0.0 0.0 0.0 0.0 0.0 0.0 0.0 0.0 0.0 0.0
INF_MOR 0.0 0.0 0.0 0.0 0.0 0.0 0.0 0.0 0.0 0.0 0.0 0.0 0.0 0.0 0.0
INF_PCD 0.0 0.0 0.0 0.0 0.0 0.0 0.0 0.0 0.0 0.0 0.0 0.0 0.0 0.0 0.0
INF_PUD 0.0 0.0 0.0 0.0 0.0 0.0 0.0 0.0 0.0 0.0 0.0 0.0 0.0 0.0 0.0
INF_SAD 0.0 0.0 0.0 0.0 0.0 0.0 0.0 0.0 0.0 0.0 0.0 0.0 0.0 0.0 0.0
INF_SFD 0.0 0.0 0.0 0.0 0.0 0.0 0.0 0.0 0.0 0.0 0.0 0.0 0.0 0.0 0.0
INF_SFN 0.0 0.0 0.0 0.0 0.0 0.0 0.0 0.0 0.0 0.0 0.0 0.0 0.0 0.0 0.0
INF_SGD 0.0 0.0 0.0 0.0 0.0 0.0 0.0 0.0 0.0 0.0 0.0 0.0 0.0 0.0 0.0
INF_SND 0.0 0.0 0.0 0.0 0.0 0.0 0.0 0.0 0.0 0.0 0.0 0.0 0.0 0.0 0.0
INF_SPV 0.0 0.0 0.0 0.0 0.0 0.0 0.0 0.0 0.0 0.0 0.0 0.0 0.0 0.0 0.0
INF_SVR 0.0 0.0 0.0 0.0 0.0 0.0 0.0 0.0 0.0 0.0 0.0 0.0 0.0 0.0 0.0
INF_SWP 0.0 0.0 0.0 0.0 0.0 0.0 0.0 0.0 0.0 0.0 0.0 0.0 0.0 0.0 0.0
INF_WHR 0.0 0.0 0.0 0.0 0.0 0.0 0.0 0.0 0.0 0.0 0.0 0.0 0.0 0.0 0.0
INF_WHS 0.0 0.0 0.0 0.0 0.0 0.0 0.0 0.0 0.0 0.0 0.0 0.0 0.0 0.0 0.0
IOU_CAW 0.0 0.0 0.0 0.0 0.0 0.0 4353.51189918 5639.0 5639.0 5639.0 5639.0 5639.0 5639.0 5639.0 5639.0
IOU_CWS 27130.3449771 23091.2885047 22792.8267673 24117.3852331 25024.2381017 23098.665097 34928.814973 42371.3852331 42184.3354402 42597.6235771 42707.4512667 40938.0955568 38671.0345528 43566.8022791 42011.2332959
IOU_EPS 0.0 0.0 0.0 0.0 0.0 0.0 0.0 0.0 0.0 0.0 0.0 0.0 0.0 0.0 0.0
IOU_GSM 682.0 682.0 682.0 682.0 682.0 682.0 9003.17365442 13220.0789656 13182.5681954 12827.2403034 14893.9377587 11183.3116156 11961.4039134 10457.878911 12697.0517603
IOU_GSR 0.0 0.0 0.0 0.0 0.0 0.0 0.0 0.0 0.0 0.0 0.0 0.0 0.0 0.0 0.0
IOU_PWC 11046.6037906 11106.0113945 11100.9314118 11068.0564808 11046.6037906 11068.0564808 11094.5891538 11046.6037906 11079.4787216 11073.1364635 9477.92938306 9477.92938306 9471.58712504 9445.05445207 9525.91474631
IOU_SGV 6735.0 6735.0 6735.0 6735.0 6735.0 6735.0 6735.0 6735.0 6735.0 6735.0 6735.0 6735.0 6735.0 6735.0 6735.0
IOU_SWS 0.0 0.0 0.0 0.0 0.0 0.0 7659.36895352 10075.0 10075.0 10075.0 10075.0 10075.0 10075.0 10075.0 10075.0
IRR_KIN 0.0 0.0 0.0 0.0 0.0 0.0 0.0 0.0 0.0 0.0 0.0 0.0 0.0 0.0 0.0
IRR_LAC 430.856127494 430.856127494 430.856127494 430.856127494 430.856127494 430.856127494 430.856127494 530.856127494 530.856127494 530.856127494 530.856127494 530.856127494 530.856127494 530.856127494 530.856127494
IRR_SMT 0.0 0.0 0.0 0.0 0.0 0.0 0.0 0.0 0.0 0.0 0.0 0.0 0.0 0.0 0.0
MWC_180 0.0 0.0 0.0 0.0 0.0 0.0 0.0 0.0 0.0 0.0 0.0 0.0 0.0 0.0 0.0
MWC_349 0.0 0.0 0.0 0.0 0.0 0.0 0.0 0.0 0.0 0.0 0.0 0.0 0.0 0.0 0.0
MWC_ADR 0.0 0.0 0.0 0.0 0.0 0.0 0.0 0.0 0.0 0.0 0.0 0.0 0.0 0.0 0.0
MWC_AMA 0.0 0.0 0.0 0.0 0.0 0.0 0.0 0.0 0.0 0.0 0.0 0.0 0.0 0.0 0.0
MWC_BLS 123.0 123.0 123.0 123.0 123.0 123.0 2473.0 2473.0 2473.0 2473.0 2473.0 2473.0 2473.0 2473.0 2473.0
MWC_CDM 0.0 0.0 0.0 0.0 0.0 0.0 0.0 0.0 0.0 0.0 0.0 0.0 0.0 0.0 0.0
MWC_COV 0.0 0.0 0.0 0.0 0.0 0.0 0.0 0.0 0.0 0.0 0.0 0.0 0.0 0.0 0.0
MWC_DEL 0.0 0.0 0.0 0.0 0.0 0.0 0.0 0.0 0.0 0.0 0.0 0.0 0.0 0.0 0.0
MWC_HEM 0.0 0.0 0.0 0.0 0.0 0.0 0.0 0.0 0.0 0.0 0.0 0.0 0.0 0.0 0.0
MWC_LAV 2208.0 2208.0 2208.0 2208.0 2208.0 2208.0 2208.0 2208.0 2208.0 2208.0 2208.0 2208.0 2208.0 2208.0 2208.0
MWC_LFL 395.199048031 395.199048031 395.199048031 395.199048031 395.199048031 395.199048031 395.199048031 395.199048031 395.199048031 395.199048031 270.991971791 256.865868142 389.154137934 256.865868142 256.865868142
MWC_LYN 0.0 0.0 0.0 0.0 0.0 0.0 0.0 0.0 0.0 0.0 0.0 0.0 0.0 0.0 0.0
MWC_MA1 0.0 0.0 0.0 0.0 0.0 0.0 0.0 0.0 0.0 0.0 0.0 0.0 0.0 0.0 0.0
MWC_MA2 0.0 0.0 0.0 0.0 0.0 0.0 0.0 0.0 0.0 0.0 0.0 0.0 0.0 0.0 0.0
MWC_MA3 0.0 0.0 0.0 0.0 0.0 0.0 0.0 0.0 0.0 0.0 0.0 0.0 0.0 0.0 0.0
MWC_MCR 406.704291225 316.325559842 451.893656917 451.893656917 361.514925533 406.704291225 406.704291225 523.94869425 497.083022608 451.893656917 451.893656917 389.639925533 361.514925533 406.704291225 497.083022608
MWC_MON 0.0 0.0 0.0 0.0 0.0 0.0 0.0 0.0 0.0 0.0 0.0 0.0 0.0 0.0 0.0
MWC_RUB 0.0 0.0 0.0 0.0 0.0 0.0 259.688851653 730.0 730.0 730.0 578.116206487 502.315475478 708.729720025 547.980518703 547.980518703
MWC_RUR 0.0 0.0 0.0 0.0 0.0 0.0 0.0 0.0 0.0 0.0 0.0 0.0 0.0 0.0 0.0
MWC_SSL 0.0 0.0 0.0 0.0 0.0 0.0 0.0 0.0 0.0 0.0 0.0 0.0 0.0 0.0 0.0
MWC_STG 0.0 0.0 0.0 0.0 0.0 0.0 0.0 0.0 0.0 0.0 0.0 0.0 0.0 0.0 0.0
MWC_VHT 0.0 0.0 0.0 0.0 0.0 0.0 0.0 0.0 0.0 0.0 0.0 0.0 0.0 0.0 0.0
MWC_VVW 0.0 0.0 0.0 0.0 0.0 0.0 0.0 0.0 0.0 0.0 0.0 0.0 0.0 0.0 0.0
MWC_VWC 869.437905669 869.437905669 869.437905669 869.437905669 869.437905669 869.437905669 869.437905669 869.437905669 869.437905669 869.437905669 596.18233794 565.104909913 828.081340858 565.104909913 565.104909913
MWC_WPK 0.0 0.0 0.0 0.0 0.0 0.0 0.0 0.0 0.0 0.0 0.0 0.0 0.0 0.0 0.0
MWD_CBR 0.0 0.0 0.0 0.0 0.0 0.0 0.0 0.0 0.0 0.0 0.0 0.0 0.0 0.0 0.0
MWD_CBS 241946.371148 134464.263127 315397.761479 82632.8753388 341036.25392 56994.8023131 110060.181555 180213.627805 201283.729823 301075.97673 507884.970619 308090.573048 161330.699516 144310.402503 332622.622873
MWD_FTH 4310.19737242 4219.81864104 6887.38673811 6887.38673811 6797.00800673 6842.19737242 7101.88622407 7789.44177544 7762.5761038 7717.38673811 6612.9512653 6429.69327123 7121.88262567 6492.42268015 6582.80141153
MWD_FTR 0.0 0.0 0.0 0.0 0.0 0.0 0.0 0.0 0.0 0.0 0.0 0.0 0.0 0.0 0.0
MWD_LVI 7364.37445262 7364.37445262 7364.37445262 7364.37445262 7364.37445262 7364.37445262 7364.37445262 7364.37445262 7364.37445262 7364.37445262 4861.01702312 4861.01702312 7247.61011867 4861.01702312 4861.01702312
MWD_LVR 0.0 0.0 0.0 0.0 0.0 0.0 0.0 0.0 0.0 0.0 0.0 0.0 0.0 0.0 0.0
MWD_MET 0.0 0.0 0.0 0.0 0.0 0.0 0.0 0.0 0.0 0.0 0.0 0.0 0.0 0.0 0.0
MWD_SGR 0.0 0.0 0.0 0.0 0.0 0.0 0.0 0.0 0.0 0.0 0.0 0.0 0.0 0.0 0.0
MWD_SGV 50024.0669677 70427.338843 71232.2422254 62991.445855 50747.6868024 72927.5283292 79051.6997529 80637.1073421 191473.830837 75944.9850769 129750.184991 155574.762887 77937.3924121 150213.231257 95954.0451002
MWD_THR 0.0 0.0 0.0 0.0 0.0 0.0 0.0 0.0 0.0 0.0 0.0 0.0 0.0 0.0 0.0
MWD_THV 21766.9578004 21766.9578004 21766.9578004 21766.9578004 21766.9578004 21169.2147555 40120.4786052 51776.0919461 44857.645607 43002.0832019 39149.2549673 39732.4976318 41880.637745 41476.8666216 35394.2696412
MWD_USG 463.842803981 463.842803981 463.842803981 463.842803981 463.842803981 463.842803981 11603.2518848 12769.0 15054.8139645 13094.6026498 14167.0456301 13793.6950145 13030.8481856 14803.7460231 14082.6964874
MWD_USR 0.0 0.0 0.0 0.0 0.0 0.0 0.0 0.0 0.0 0.0 0.0 0.0 0.0 0.0 0.0
MWD_WCB 30963.1738391 30855.1623202 26625.6556292 31296.5329584 28857.0669637 28236.2241018 46716.8002232 55716.965528 55067.7558295 51978.9353641 54964.774313 47899.7309231 44260.8253471 50233.2679145 48192.2943916
MWD_WCD 0.0 0.0 0.0 0.0 0.0 0.0 0.0 0.0 0.0 0.0 0.0 0.0 0.0 0.0 0.0
MWD_WCP 0.0 0.0 0.0 0.0 0.0 0.0 0.0 0.0 0.0 0.0 0.0 0.0 0.0 0.0 0.0
MWD_WCR 0.0 0.0 0.0 0.0 0.0 0.0 0.0 0.0 0.0 0.0 0.0 0.0 0.0 0.0 0.0
MWD_WRD 0.0 0.0 0.0 0.0 0.0 0.0 0.0 5830.06576355 5850.84520434 5828.10443722 0.0 0.0 0.0 0.0 0.0
MWS_BHG 0.0 0.0 0.0 0.0 0.0 0.0 0.0 0.0 0.0 0.0 0.0 0.0 0.0 0.0 0.0
PRK_FBP 0.0 0.0 0.0 0.0 0.0 0.0 0.0 0.0 0.0 0.0 0.0 0.0 0.0 0.0 0.0
PRV_CEN 0.0 0.0 0.0 0.0 0.0 0.0 0.0 0.0 0.0 0.0 0.0 0.0 0.0 0.0 0.0
PRV_COC 0.0 0.0 0.0 0.0 0.0 0.0 0.0 0.0 0.0 0.0 0.0 0.0 0.0 0.0 0.0
PRV_MOC 0.0 0.0 0.0 0.0 0.0 0.0 0.0 0.0 0.0 0.0 0.0 0.0 0.0 0.0 0.0
PRV_MSG 0.0 0.0 0.0 0.0 0.0 0.0 0.0 0.0 0.0 0.0 0.0 0.0 0.0 0.0 0.0
PRV_RAY 0.0 0.0 0.0 0.0 0.0 0.0 0.0 0.0 0.0 0.0 0.0 0.0 0.0 0.0 0.0
PRV_SGR 0.0 0.0 0.0 0.0 0.0 0.0 0.0 0.0 0.0 0.0 0.0 0.0 0.0 0.0 0.0
PRV_SIX 0.0 0.0 0.0 0.0 0.0 0.0 0.0 0.0 0.0 0.0 0.0 0.0 0.0 0.0 0.0
PRV_WCS 0.0 0.0 0.0 0.0 0.0 0.0 0.0 0.0 0.0 0.0 0.0 0.0 0.0 0.0 0.0
PRV_WMI 15000.0 15000.0 15000.0 15000.0 15000.0 15000.0 15000.0 15000.0 15000.0 15000.0 15000.0 15000.0 15000.0 15000.0 15000.0
PRV_WOC 0.0 0.0 0.0 0.0 0.0 0.0 0.0 0.0 0.0 0.0 0.0 0.0 0.0 0.0 0.0
SPG_ANI 0.0 0.0 0.0 0.0 0.0 0.0 0.0 0.0 0.0 0.0 0.0 0.0 0.0 0.0 0.0
SPG_BDS 0.0 0.0 0.0 0.0 0.0 0.0 0.0 0.0 0.0 0.0 0.0 0.0 0.0 0.0 0.0
SPG_BEN 0.0 0.0 0.0 0.0 0.0 0.0 0.0 0.0 0.0 0.0 0.0 0.0 0.0 0.0 0.0
SPG_BRF 0.0 0.0 0.0 0.0 0.0 0.0 0.0 0.0 0.0 0.0 0.0 0.0 0.0 0.0 0.0
SPG_BRW 0.0 0.0 0.0 0.0 0.0 0.0 0.0 0.0 0.0 0.0 0.0 0.0 0.0 0.0 0.0
SPG_BUL 0.0 0.0 0.0 0.0 0.0 0.0 0.0 0.0 0.0 0.0 0.0 0.0 0.0 0.0 0.0
SPG_BVS 0.0 0.0 0.0 0.0 0.0 0.0 0.0 0.0 0.0 0.0 0.0 0.0 0.0 0.0 0.0
SPG_CIT 0.0 0.0 0.0 0.0 0.0 0.0 0.0 0.0 0.0 0.0 0.0 0.0 0.0 0.0 0.0
SPG_DOM 0.0 0.0 0.0 0.0 0.0 0.0 0.0 0.0 0.0 0.0 0.0 0.0 0.0 0.0 0.0
SPG_EAB 0.0 0.0 0.0 0.0 0.0 0.0 0.0 0.0 0.0 0.0 0.0 0.0 0.0 0.0 0.0
SPG_ESG 0.0 0.0 0.0 0.0 0.0 0.0 0.0 0.0 0.0 0.0 0.0 0.0 0.0 0.0 0.0
SPG_FOR 0.0 0.0 0.0 0.0 0.0 0.0 0.0 0.0 0.0 0.0 0.0 0.0 0.0 0.0 0.0
SPG_HS2 0.0 0.0 0.0 0.0 0.0 0.0 0.0 0.0 0.0 0.0 0.0 0.0 0.0 0.0 0.0
SPG_HSG 0.0 0.0 0.0 0.0 0.0 0.0 0.0 0.0 0.0 0.0 0.0 0.0 0.0 0.0 0.0
SPG_IRW 0.0 0.0 0.0 0.0 0.0 0.0 0.0 0.0 0.0 0.0 0.0 0.0 0.0 0.0 0.0
SPG_LAR 0.0 0.0 0.0 0.0 0.0 0.0 0.0 0.0 0.0 0.0 0.0 0.0 0.0 0.0 0.0
SPG_LIT 0.0 0.0 0.0 0.0 0.0 0.0 9560.99255929 8236.53698598 8935.43085151 4305.70555797 7014.99181302 10769.9201198 5264.02969833 10830.4130252 6462.19186969
SPG_LOP 0.0 0.0 0.0 0.0 0.0 0.0 0.0 0.0 0.0 0.0 0.0 0.0 0.0 0.0 0.0
SPG_LOS 0.0 0.0 0.0 0.0 0.0 0.0 0.0 7202.05579568 7592.97772334 2509.93353054 6899.96849638 8767.01030928 4502.3408657 7941.39748379 6280.82860538
SPG_MIL 0.0 0.0 0.0 0.0 0.0 0.0 0.0 0.0 0.0 0.0 0.0 0.0 0.0 0.0 0.0
SPG_PC2 0.0 0.0 0.0 0.0 0.0 0.0 0.0 0.0 0.0 0.0 0.0 0.0 0.0 0.0 0.0
SPG_PCS 0.0 0.0 0.0 0.0 0.0 0.0 0.0 0.0 0.0 0.0 0.0 0.0 0.0 0.0 0.0
SPG_PEC 0.0 0.0 0.0 0.0 0.0 0.0 0.0 0.0 0.0 0.0 0.0 0.0 0.0 0.0 0.0
SPG_RS2 0.0 0.0 0.0 0.0 0.0 0.0 0.0 0.0 0.0 0.0 0.0 0.0 0.0 0.0 0.0
SPG_RSF 0.0 0.0 0.0 0.0 0.0 0.0 0.0 0.0 0.0 0.0 0.0 0.0 0.0 0.0 0.0
SPG_SAW 0.0 0.0 0.0 0.0 0.0 0.0 0.0 0.0 0.0 0.0 0.0 0.0 0.0 0.0 0.0
SPG_SFG 0.0 0.0 0.0 0.0 0.0 0.0 0.0 0.0 0.0 0.0 0.0 0.0 0.0 0.0 0.0
SPG_SG2 0.0 0.0 0.0 0.0 0.0 0.0 0.0 0.0 0.0 0.0 0.0 0.0 0.0 0.0 0.0
SPG_SGC 0.0 0.0 0.0 0.0 0.0 0.0 0.0 0.0 0.0 0.0 0.0 0.0 0.0 0.0 0.0
SPG_SGY 50024.0669677 70427.338843 71232.2422254 62991.445855 50747.6868024 72927.5283292 79051.6997529 73435.0515464 73435.0515464 73435.0515464 73435.0515464 73435.0515464 73435.0515464 73435.0515464 73435.0515464
SPG_SMD 0.0 0.0 0.0 0.0 0.0 0.0 0.0 0.0 0.0 0.0 0.0 0.0 0.0 0.0 0.0
SPG_SND 0.0 0.0 0.0 0.0 0.0 0.0 0.0 0.0 0.0 0.0 0.0 0.0 0.0 0.0 0.0
SPG_SPA 0.0 0.0 0.0 0.0 0.0 0.0 0.0 0.0 0.0 0.0 0.0 0.0 0.0 0.0 0.0
SPG_SPV 0.0 0.0 0.0 0.0 0.0 0.0 0.0 0.0 0.0 0.0 0.0 0.0 0.0 0.0 0.0
SPG_TUJ 0.0 0.0 0.0 0.0 0.0 0.0 0.0 0.0 0.0 0.0 0.0 0.0 0.0 0.0 0.0
SPG_WAL 0.0 0.0 0.0 0.0 0.0 0.0 0.0 0.0 0.0 0.0 0.0 0.0 0.0 0.0 0.0
SUR_ASE 0.0 0.0 0.0 0.0 0.0 0.0 0.0 0.0 0.0 0.0 0.0 0.0 0.0 0.0 0.0
SUR_BAL 0.0 0.0 0.0 0.0 0.0 0.0 0.0 0.0 0.0 0.0 0.0 0.0 0.0 0.0 0.0
SUR_BAC 0.0 0.0 0.0 0.0 0.0 0.0 0.0 0.0 0.0 0.0 0.0 0.0 0.0 0.0 0.0
SUR_SDL 0.0 0.0 0.0 0.0 0.0 0.0 0.0 0.0 0.0 0.0 0.0 0.0 0.0 0.0 0.0
SUR_BDU 0.0 0.0 0.0 0.0 0.0 0.0 0.0 0.0 0.0 0.0 0.0 0.0 0.0 0.0 0.0
SUR_BDS 0.0 0.0 0.0 0.0 0.0 0.0 0.0 0.0 0.0 0.0 0.0 0.0 0.0 0.0 0.0
SUR_BTD 0.0 0.0 0.0 0.0 0.0 0.0 0.0 0.0 0.0 0.0 0.0 0.0 0.0 0.0 0.0
SUR_BRF 0.0 0.0 0.0 0.0 0.0 0.0 0.0 0.0 0.0 0.0 0.0 0.0 0.0 0.0 0.0
SUR_BVS 0.0 0.0 0.0 0.0 0.0 0.0 0.0 0.0 0.0 0.0 0.0 0.0 0.0 0.0 0.0
SUR_BDM 0.0 0.0 0.0 0.0 0.0 0.0 0.0 0.0 0.0 0.0 0.0 0.0 0.0 0.0 0.0
SUR_COY 0.0 0.0 0.0 0.0 0.0 0.0 0.0 0.0 0.0 0.0 0.0 0.0 0.0 0.0 0.0
SUR_DOM 0.0 0.0 0.0 0.0 0.0 0.0 0.0 0.0 0.0 0.0 0.0 0.0 0.0 0.0 0.0
SUR_EAB 0.0 0.0 0.0 0.0 0.0 0.0 0.0 0.0 0.0 0.0 0.0 0.0 0.0 0.0 0.0
SUR_EAT 0.0 0.0 0.0 0.0 0.0 0.0 0.0 0.0 0.0 0.0 0.0 0.0 0.0 0.0 0.0
SUR_SDM 0.0 0.0 0.0 0.0 0.0 0.0 0.0 40347.2392046 257390.610692 183839.068021 503750.896492 334928.946426 81169.0333033 178949.578704 309422.318751
SUR_HAN 0.0 0.0 0.0 0.0 0.0 0.0 0.0 0.0 0.0 0.0 0.0 0.0 0.0 0.0 0.0
SUR_BDL 0.0 0.0 0.0 0.0 0.0 0.0 0.0 0.0 0.0 0.0 0.0 0.0 0.0 0.0 0.0
SUR_LIT 0.0 0.0 0.0 0.0 0.0 0.0 0.0 0.0 0.0 0.0 0.0 0.0 0.0 0.0 0.0
SUR_LOS 0.0 0.0 0.0 0.0 0.0 0.0 0.0 0.0 0.0 0.0 0.0 0.0 0.0 0.0 0.0
SUR_PCU 0.0 0.0 0.0 0.0 0.0 0.0 0.0 0.0 0.0 0.0 0.0 0.0 0.0 0.0 0.0
SUR_LAL 0.0 0.0 0.0 0.0 0.0 0.0 0.0 0.0 0.0 0.0 0.0 0.0 0.0 0.0 0.0
SUR_SGL 0.0 0.0 0.0 0.0 0.0 0.0 0.0 0.0 0.0 0.0 0.0 0.0 0.0 0.0 0.0
SUR_MAL 0.0 0.0 0.0 0.0 0.0 0.0 0.0 0.0 0.0 0.0 0.0 0.0 0.0 0.0 0.0
SUR_MAC 0.0 0.0 0.0 0.0 0.0 0.0 0.0 0.0 0.0 0.0 0.0 0.0 0.0 0.0 0.0
SUR_MOR 0.0 0.0 0.0 0.0 0.0 0.0 0.0 0.0 0.0 0.0 0.0 0.0 0.0 0.0 0.0
SUR_PCD 0.0 0.0 0.0 0.0 0.0 0.0 0.0 0.0 0.0 0.0 0.0 0.0 0.0 0.0 0.0
SUR_PCL 0.0 0.0 0.0 0.0 0.0 0.0 0.0 0.0 0.0 0.0 0.0 0.0 0.0 0.0 0.0
SUR_SAL 0.0 0.0 0.0 0.0 0.0 0.0 0.0 0.0 0.0 0.0 0.0 0.0 0.0 0.0 0.0
SUR_PUD 0.0 0.0 0.0 0.0 0.0 0.0 0.0 0.0 0.0 0.0 0.0 0.0 0.0 0.0 0.0
SUR_RHU 0.0 0.0 0.0 0.0 0.0 0.0 0.0 0.0 0.0 0.0 0.0 0.0 0.0 0.0 0.0
SUR_SND 0.0 0.0 0.0 0.0 0.0 0.0 0.0 0.0 0.0 0.0 0.0 0.0 0.0 0.0 0.0
SUR_SDU 0.0 0.0 0.0 0.0 0.0 0.0 0.0 0.0 0.0 0.0 0.0 0.0 0.0 0.0 0.0
SUR_SGD 0.0 0.0 0.0 0.0 0.0 0.0 0.0 0.0 0.0 0.0 0.0 0.0 0.0 0.0 0.0
SUR_SGU 0.0 0.0 0.0 0.0 0.0 0.0 0.0 0.0 0.0 0.0 0.0 0.0 0.0 0.0 0.0
SUR_SGC 0.0 0.0 0.0 0.0 0.0 0.0 0.0 0.0 0.0 0.0 0.0 0.0 0.0 0.0 0.0
SUR_SGP 0.0 0.0 0.0 0.0 0.0 0.0 0.0 0.0 0.0 0.0 0.0 0.0 0.0 0.0 0.0
SUR_SJC 0.0 0.0 0.0 0.0 0.0 0.0 0.0 0.0 0.0 0.0 0.0 0.0 0.0 0.0 0.0
SUR_SAC 0.0 0.0 0.0 0.0 0.0 0.0 0.0 0.0 0.0 0.0 0.0 0.0 0.0 0.0 0.0
SUR_SAU 0.0 0.0 0.0 0.0 0.0 0.0 0.0 0.0 0.0 0.0 0.0 0.0 0.0 0.0 0.0
SUR_SAW 0.0 0.0 0.0 0.0 0.0 0.0 0.0 0.0 0.0 0.0 0.0 0.0 0.0 0.0 0.0
SUR_SMD 0.0 0.0 0.0 0.0 0.0 0.0 0.0 0.0 0.0 0.0 0.0 0.0 0.0 0.0 0.0
SUR_SPV 0.0 0.0 0.0 0.0 0.0 0.0 0.0 0.0 0.0 0.0 0.0 0.0 0.0 0.0 0.0
SUR_THM 221574.898914 117964.428242 294971.961624 65586.2692776 320664.781686 37906.6075315 73894.8398764 100254.270102 8558.94243943 69126.5703718 20234.0058961 9975.38155848 42256.497781 0.0 0.0
SUR_LAU 0.0 0.0 0.0 0.0 0.0 0.0 0.0 0.0 0.0 0.0 0.0 0.0 0.0 0.0 0.0
SUR_VER 0.0 0.0 0.0 0.0 0.0 0.0 0.0 0.0 0.0 0.0 0.0 0.0 0.0 0.0 0.0
SUR_WLL 0.0 0.0 0.0 0.0 0.0 0.0 0.0 0.0 0.0 0.0 0.0 0.0 0.0 0.0 0.0
SUR_WLU 0.0 0.0 0.0 0.0 0.0 0.0 0.0 0.0 0.0 0.0 0.0 0.0 0.0 0.0 0.0
SUR_ALH 0.0 0.0 0.0 0.0 0.0 0.0 0.0 0.0 0.0 0.0 0.0 0.0 0.0 0.0 0.0
SUR_ARC 0.0 0.0 0.0 0.0 0.0 0.0 0.0 0.0 0.0 0.0 0.0 0.0 0.0 0.0 0.0
SUR_CMP 0.0 0.0 0.0 0.0 0.0 0.0 0.0 0.0 0.0 0.0 0.0 0.0 0.0 0.0 0.0
SUR_COV 0.0 0.0 0.0 0.0 0.0 0.0 0.0 0.0 0.0 0.0 0.0 0.0 0.0 0.0 0.0
SUR_EVP 0.0 0.0 0.0 0.0 0.0 0.0 0.0 0.0 0.0 0.0 0.0 0.0 0.0 0.0 0.0
SUR_FSH 0.0 0.0 0.0 0.0 0.0 0.0 0.0 0.0 0.0 0.0 0.0 0.0 0.0 0.0 0.0
SUR_LAC 0.0 0.0 0.0 0.0 0.0 0.0 0.0 0.0 0.0 0.0 0.0 0.0 0.0 0.0 0.0
SUR_MIL 0.0 0.0 0.0 0.0 0.0 0.0 0.0 0.0 0.0 0.0 0.0 0.0 0.0 0.0 0.0
SUR_MON 0.0 0.0 0.0 0.0 0.0 0.0 0.0 0.0 0.0 0.0 0.0 0.0 0.0 0.0 0.0
SUR_MTB 0.0 0.0 0.0 0.0 0.0 0.0 0.0 0.0 0.0 0.0 0.0 0.0 0.0 0.0 0.0
SUR_OWN 0.0 0.0 0.0 0.0 0.0 0.0 0.0 0.0 0.0 0.0 0.0 0.0 0.0 0.0 0.0
SUR_OWL 100000.0 100000.0 100000.0 100000.0 100000.0 100000.0 100000.0 100000.0 100000.0 100000.0 100000.0 100000.0 100000.0 100000.0 100000.0
SUR_PAC 0.0 0.0 0.0 0.0 0.0 0.0 0.0 0.0 0.0 0.0 0.0 0.0 0.0 0.0 0.0
SUR_PCM 0.0 0.0 0.0 0.0 0.0 0.0 0.0 0.0 0.0 0.0 0.0 0.0 0.0 0.0 0.0
SUR_R01 0.0 0.0 0.0 0.0 0.0 0.0 0.0 0.0 0.0 0.0 0.0 0.0 0.0 0.0 0.0
SUR_RCN 0.0 0.0 0.0 0.0 0.0 0.0 0.0 0.0 0.0 0.0 0.0 0.0 0.0 0.0 0.0
SUR_RHL 0.0 0.0 0.0 0.0 0.0 0.0 0.0 0.0 0.0 0.0 0.0 0.0 0.0 0.0 0.0
SUR_RUB 0.0 0.0 0.0 0.0 0.0 0.0 0.0 0.0 0.0 0.0 0.0 0.0 0.0 0.0 0.0
SUR_SAE 0.0 0.0 0.0 0.0 0.0 0.0 0.0 0.0 0.0 0.0 0.0 0.0 0.0 0.0 0.0
SUR_SGM 0.0 0.0 0.0 0.0 0.0 0.0 0.0 0.0 0.0 0.0 0.0 0.0 0.0 0.0 0.0
SUR_SGO 0.0 0.0 0.0 0.0 0.0 0.0 0.0 0.0 0.0 0.0 0.0 0.0 0.0 0.0 0.0
SUR_TUJ 0.0 0.0 0.0 0.0 0.0 0.0 0.0 0.0 0.0 0.0 0.0 0.0 0.0 0.0 0.0
SUR_TUU 0.0 0.0 0.0 0.0 0.0 0.0 0.0 0.0 0.0 0.0 0.0 0.0 0.0 0.0 0.0
WRP_BUR 0.0 0.0 0.0 0.0 0.0 0.0 0.0 0.0 0.0 0.0 0.0 0.0 0.0 0.0 0.0
WRP_GDL 0.0 0.0 0.0 0.0 0.0 0.0 0.0 0.0 0.0 0.0 0.0 0.0 0.0 0.0 0.0
WRP_HYP 3950.96009754 3950.96009754 3950.96009754 3950.96009754 3950.96009754 3950.96009754 3950.96009754 3950.96009754 3950.96009754 3950.96009754 2637.10173504 2637.10173504 3872.7279938 2637.10173504 2637.10173504
WRP_JWP 0.0 0.0 0.0 0.0 0.0 0.0 0.0 0.0 0.0 0.0 0.0 0.0 0.0 0.0 0.0
WRP_LAC 0.0 0.0 0.0 0.0 0.0 0.0 0.0 0.0 0.0 0.0 0.0 0.0 0.0 0.0 0.0
WRP_LBP 0.0 0.0 0.0 0.0 0.0 0.0 0.0 0.0 0.0 0.0 0.0 0.0 0.0 0.0 0.0
WRP_LCP 0.0 0.0 0.0 0.0 0.0 0.0 0.0 0.0 0.0 0.0 0.0 0.0 0.0 0.0 0.0
WRP_LIT 0.0 0.0 0.0 0.0 0.0 0.0 0.0 0.0 0.0 0.0 0.0 0.0 0.0 0.0 0.0
WRP_MMS 0.0 0.0 0.0 0.0 0.0 0.0 0.0 0.0 0.0 0.0 0.0 0.0 0.0 0.0 0.0
WRP_PON 0.0 0.0 0.0 0.0 0.0 0.0 0.0 0.0 0.0 0.0 0.0 0.0 0.0 0.0 0.0
WRP_SJC 0.0 0.0 0.0 0.0 0.0 0.0 0.0 0.0 0.0 0.0 0.0 0.0 0.0 0.0 0.0
WRP_SJP 0.0 0.0 0.0 0.0 0.0 0.0 0.0 0.0 0.0 0.0 0.0 0.0 0.0 0.0 0.0
WRP_SMR 0.0 0.0 0.0 0.0 0.0 0.0 0.0 0.0 0.0 0.0 0.0 0.0 0.0 0.0 0.0
WRP_TAP 0.0 0.0 0.0 0.0 0.0 0.0 0.0 0.0 0.0 0.0 0.0 0.0 0.0 0.0 0.0
WRP_TER 0.0 0.0 0.0 0.0 0.0 0.0 0.0 0.0 0.0 0.0 0.0 0.0 0.0 0.0 0.0
WRP_TIL 0.0 0.0 0.0 0.0 0.0 0.0 0.0 0.0 0.0 0.0 0.0 0.0 0.0 0.0 0.0
WRP_WHP 0.0 0.0 0.0 0.0 0.0 0.0 0.0 0.0 0.0 0.0 0.0 0.0 0.0 0.0 0.0
VAD_ASE 0.0 0.0 0.0 0.0 0.0 0.0 0.0 0.0 0.0 0.0 0.0 0.0 0.0 0.0 0.0
VAD_BAL 0.0 0.0 0.0 0.0 0.0 0.0 0.0 0.0 0.0 0.0 0.0 0.0 0.0 0.0 0.0
VAD_BAC 0.0 0.0 0.0 0.0 0.0 0.0 0.0 0.0 0.0 0.0 0.0 0.0 0.0 0.0 0.0
VAD_SDL 0.0 0.0 0.0 0.0 0.0 0.0 0.0 0.0 0.0 0.0 0.0 0.0 0.0 0.0 0.0
VAD_BDU 0.0 0.0 0.0 0.0 0.0 0.0 0.0 0.0 0.0 0.0 0.0 0.0 0.0 0.0 0.0
VAD_BDS 0.0 0.0 0.0 0.0 0.0 0.0 0.0 0.0 0.0 0.0 0.0 0.0 0.0 0.0 0.0
VAD_BTD 0.0 0.0 0.0 0.0 0.0 0.0 0.0 0.0 0.0 0.0 0.0 0.0 0.0 0.0 0.0
VAD_BRF 0.0 0.0 0.0 0.0 0.0 0.0 0.0 0.0 0.0 0.0 0.0 0.0 0.0 0.0 0.0
VAD_BVS 0.0 0.0 0.0 0.0 0.0 0.0 0.0 0.0 0.0 0.0 0.0 0.0 0.0 0.0 0.0
VAD_BDM 0.0 0.0 0.0 0.0 0.0 0.0 0.0 0.0 0.0 0.0 0.0 0.0 0.0 0.0 0.0
VAD_COY 0.0 0.0 0.0 0.0 0.0 0.0 0.0 0.0 0.0 0.0 0.0 0.0 0.0 0.0 0.0
VAD_DOM 0.0 0.0 0.0 0.0 0.0 0.0 0.0 0.0 0.0 0.0 0.0 0.0 0.0 0.0 0.0
VAD_EAB 0.0 0.0 0.0 0.0 0.0 0.0 0.0 0.0 0.0 0.0 0.0 0.0 0.0 0.0 0.0
VAD_EAT 0.0 0.0 0.0 0.0 0.0 0.0 0.0 0.0 0.0 0.0 0.0 0.0 0.0 0.0 0.0
VAD_SDM 0.0 0.0 0.0 0.0 0.0 0.0 0.0 0.0 0.0 0.0 0.0 0.0 0.0 0.0 0.0
VAD_HAN 0.0 0.0 0.0 0.0 0.0 0.0 0.0 0.0 0.0 0.0 0.0 0.0 0.0 0.0 0.0
VAD_BDL 0.0 0.0 0.0 0.0 0.0 0.0 0.0 0.0 0.0 0.0 0.0 0.0 0.0 0.0 0.0
VAD_LIT 0.0 0.0 0.0 0.0 0.0 0.0 0.0 0.0 0.0 0.0 0.0 0.0 0.0 0.0 0.0
VAD_LOS 0.0 0.0 0.0 0.0 0.0 0.0 0.0 0.0 0.0 0.0 0.0 0.0 0.0 0.0 0.0
VAD_PCU 0.0 0.0 0.0 0.0 0.0 0.0 0.0 0.0 0.0 0.0 0.0 0.0 0.0 0.0 0.0
VAD_LAL 0.0 0.0 0.0 0.0 0.0 0.0 0.0 0.0 0.0 0.0 0.0 0.0 0.0 0.0 0.0
VAD_SGL 0.0 0.0 0.0 0.0 0.0 0.0 0.0 0.0 0.0 0.0 0.0 0.0 0.0 0.0 0.0
VAD_MAL 0.0 0.0 0.0 0.0 0.0 0.0 0.0 0.0 0.0 0.0 0.0 0.0 0.0 0.0 0.0
VAD_MAC 0.0 0.0 0.0 0.0 0.0 0.0 0.0 0.0 0.0 0.0 0.0 0.0 0.0 0.0 0.0
VAD_MOR 0.0 0.0 0.0 0.0 0.0 0.0 0.0 0.0 0.0 0.0 0.0 0.0 0.0 0.0 0.0
VAD_PCD 0.0 0.0 0.0 0.0 0.0 0.0 0.0 0.0 0.0 0.0 0.0 0.0 0.0 0.0 0.0
VAD_PCS 0.0 0.0 0.0 0.0 0.0 0.0 0.0 0.0 0.0 0.0 0.0 0.0 0.0 0.0 0.0
VAD_SAL 0.0 0.0 0.0 0.0 0.0 0.0 0.0 0.0 0.0 0.0 0.0 0.0 0.0 0.0 0.0
VAD_PUD 0.0 0.0 0.0 0.0 0.0 0.0 0.0 0.0 0.0 0.0 0.0 0.0 0.0 0.0 0.0
VAD_RHU 0.0 0.0 0.0 0.0 0.0 0.0 0.0 0.0 0.0 0.0 0.0 0.0 0.0 0.0 0.0
VAD_SND 0.0 0.0 0.0 0.0 0.0 0.0 0.0 0.0 0.0 0.0 0.0 0.0 0.0 0.0 0.0
VAD_SDU 0.0 0.0 0.0 0.0 0.0 0.0 0.0 0.0 0.0 0.0 0.0 0.0 0.0 0.0 0.0
VAD_SGD 0.0 0.0 0.0 0.0 0.0 0.0 0.0 0.0 0.0 0.0 0.0 0.0 0.0 0.0 0.0
VAD_SGU 0.0 0.0 0.0 0.0 0.0 0.0 0.0 0.0 0.0 0.0 0.0 0.0 0.0 0.0 0.0
VAD_SGC 0.0 0.0 0.0 0.0 0.0 0.0 0.0 0.0 0.0 0.0 0.0 0.0 0.0 0.0 0.0
VAD_SGP 0.0 0.0 0.0 0.0 0.0 0.0 0.0 0.0 0.0 0.0 0.0 0.0 0.0 0.0 0.0
VAD_SJC 0.0 0.0 0.0 0.0 0.0 0.0 0.0 0.0 0.0 0.0 0.0 0.0 0.0 0.0 0.0
VAD_SAC 0.0 0.0 0.0 0.0 0.0 0.0 0.0 0.0 0.0 0.0 0.0 0.0 0.0 0.0 0.0
VAD_SAU 0.0 0.0 0.0 0.0 0.0 0.0 0.0 0.0 0.0 0.0 0.0 0.0 0.0 0.0 0.0
VAD_SAW 0.0 0.0 0.0 0.0 0.0 0.0 0.0 0.0 0.0 0.0 0.0 0.0 0.0 0.0 0.0
VAD_SMD 0.0 0.0 0.0 0.0 0.0 0.0 0.0 0.0 0.0 0.0 0.0 0.0 0.0 0.0 0.0
VAD_THM 0.0 0.0 0.0 0.0 0.0 0.0 0.0 0.0 0.0 0.0 0.0 0.0 0.0 0.0 0.0
VAD_LAU 0.0 0.0 0.0 0.0 0.0 0.0 0.0 0.0 0.0 0.0 0.0 0.0 0.0 0.0 0.0
VAD_VER 0.0 0.0 0.0 0.0 0.0 0.0 0.0 0.0 0.0 0.0 0.0 0.0 0.0 0.0 0.0
VAD_WLL 0.0 0.0 0.0 0.0 0.0 0.0 0.0 0.0 0.0 0.0 0.0 0.0 0.0 0.0 0.0
VAD_WLU 0.0 0.0 0.0 0.0 0.0 0.0 0.0 0.0 0.0 0.0 0.0 0.0 0.0 0.0 0.0
