CAL_064 44907.7104701 29927.0610473 37417.3983682 19355.327274 29193.3375433 84081.6622075 134576.354641 273631.460082 28531.1496503 232315.01352 87791.2346187 56532.2304661 123914.436954 15941.7301702 41668.5591876
CAL_192 0.0 0.0 0.0 0.0 0.0 0.0 0.0 0.0 0.0 0.0 0.0 0.0 0.0 0.0 0.0
CAL_274 0.0 0.0 0.0 0.0 0.0 0.0 0.0 0.0 0.0 0.0 0.0 0.0 0.0 0.0 0.0
CAL_304 5772.27584779 4815.05170035 14510.2127887 3261.36661414 9018.88662975 25328.9362946 17582.0714078 71002.876484 4143.65853893 130137.818654 28720.8261209 6881.76993109 23573.3314086 4746.70426804 14696.090089
CAL_318 1005.03177509 857.536453223 1068.72600324 932.804500308 1281.4872708 6465.63577189 12206.7208495 41478.3964876 648.566940165 14463.848527 12365.1920028 2605.93014134 31217.1602133 557.788699225 3545.29503172
CAL_319 234337.778061 135383.10531 232793.73136 91304.3251607 103188.362703 289808.789513 651232.074168 846583.374272 119920.428475 828329.971213 151111.268522 110774.195658 352038.527167 49048.0318902 220998.063062
CAL_342 0.0 0.0 0.0 0.0 0.0 0.0 0.0 0.0 0.0 0.0 0.0 0.0 0.0 0.0 0.0
CAL_42B 0.0 0.0 0.0 0.0 0.0 0.0 0.0 0.0 0.0 0.0 0.0 0.0 0.0 0.0 0.0
CAL_45C 0.0 0.0 0.0 0.0 0.0 0.0 0.0 0.0 0.0 0.0 0.0 0.0 0.0 0.0 0.0
CAL_57C 53112.4643106 73872.342742 59393.5948013 79806.0000423 151268.283588 92402.6831891 176594.819425 350805.309087 188235.18532 239476.51555 178490.637888 62814.3093974 243862.540102 33159.7913493 113861.608543
CAL_81D 0.0 0.0 0.0 0.0 0.0 0.0 0.0 0.0 0.0 0.0 0.0 0.0 0.0 0.0 0.0
CTY_ALH 0.0 0.0 0.0 0.0 0.0 0.0 0.0 0.0 0.0 0.0 0.0 0.0 0.0 0.0 0.0
CTY_ARC 0.0 0.0 0.0 0.0 0.0 0.0 0.0 0.0 0.0 0.0 0.0 0.0 0.0 0.0 0.0
CTY_AZU 5059.0 5059.0 5059.0 5059.0 5059.0 5059.0 5059.0 5059.0 5059.0 5059.0 5059.0 5059.0 5059.0 5059.0 5059.0
CTY_BEL 0.0 0.0 0.0 0.0 0.0 0.0 0.0 0.0 0.0 0.0 0.0 0.0 0.0 0.0 0.0
CTY_BHL 0.0 0.0 0.0 0.0 0.0 0.0 0.0 0.0 0.0 0.0 0.0 0.0 0.0 0.0 0.0
CTY_BUR 0.0 0.0 0.0 0.0 0.0 0.0 0.0 0.0 0.0 0.0 0.0 0.0 0.0 0.0 0.0
CTY_CER 0.0 0.0 0.0 0.0 0.0 0.0 0.0 0.0 0.0 0.0 0.0 0.0 0.0 0.0 0.0
CTY_CLM 0.0 0.0 0.0 0.0 0.0 0.0 0.0 0.0 0.0 0.0 0.0 0.0 0.0 0.0 0.0
CTY_COV 0.0 0.0 0.0 0.0 0.0 0.0 0.0 0.0 0.0 0.0 0.0 0.0 0.0 0.0 0.0
CTY_CPT 0.0 0.0 0.0 0.0 0.0 0.0 0.0 0.0 0.0 0.0 0.0 0.0 0.0 0.0 0.0
CTY_DOW 0.0 0.0 0.0 0.0 0.0 0.0 0.0 0.0 0.0 0.0 0.0 0.0 0.0 0.0 0.0
CTY_ELM 0.0 0.0 0.0 0.0 0.0 0.0 0.0 0.0 0.0 0.0 0.0 0.0 0.0 0.0 0.0
CTY_ELS 0.0 0.0 0.0 0.0 0.0 0.0 0.0 0.0 0.0 0.0 0.0 0.0 0.0 0.0 0.0
CTY_GDL 0.0 0.0 0.0 0.0 0.0 0.0 0.0 0.0 0.0 0.0 0.0 0.0 0.0 0.0 0.0
CTY_GDR 0.0 0.0 0.0 0.0 0.0 0.0 0.0 0.0 0.0 0.0 0.0 0.0 0.0 0.0 0.0
CTY_HUP 0.0 0.0 0.0 0.0 0.0 0.0 0.0 0.0 0.0 0.0 0.0 0.0 0.0 0.0 0.0
CTY_IND 0.0 0.0 0.0 0.0 0.0 0.0 0.0 0.0 0.0 0.0 0.0 0.0 0.0 0.0 0.0
CTY_ING 0.0 0.0 0.0 0.0 0.0 0.0 0.0 0.0 0.0 0.0 0.0 0.0 0.0 0.0 0.0
CTY_IRW 0.0 0.0 0.0 0.0 0.0 0.0 0.0 0.0 0.0 0.0 0.0 0.0 0.0 0.0 0.0
CTY_LAV 0.0 0.0 0.0 0.0 0.0 0.0 0.0 0.0 0.0 0.0 0.0 0.0 0.0 0.0 0.0
CTY_LAX 0.0 0.0 0.0 0.0 0.0 0.0 0.0 0.0 0.0 0.0 0.0 0.0 0.0 0.0 0.0
CTY_LBH 0.0 0.0 0.0 0.0 0.0 0.0 0.0 0.0 0.0 0.0 0.0 0.0 0.0 0.0 0.0
CTY_LKW 0.0 0.0 0.0 0.0 0.0 0.0 0.0 0.0 0.0 0.0 0.0 0.0 0.0 0.0 0.0
CTY_LOM 0.0 0.0 0.0 0.0 0.0 0.0 0.0 0.0 0.0 0.0 0.0 0.0 0.0 0.0 0.0
CTY_LYN 0.0 0.0 0.0 0.0 0.0 0.0 0.0 0.0 0.0 0.0 0.0 0.0 0.0 0.0 0.0
CTY_MBC 0.0 0.0 0.0 0.0 0.0 0.0 0.0 0.0 0.0 0.0 0.0 0.0 0.0 0.0 0.0
CTY_MON 0.0 0.0 0.0 0.0 0.0 0.0 0.0 0.0 0.0 0.0 0.0 0.0 0.0 0.0 0.0
CTY_MTP 0.0 0.0 0.0 0.0 0.0 0.0 0.0 0.0 0.0 0.0 0.0 0.0 0.0 0.0 0.0
CTY_NOR 0.0 0.0 0.0 0.0 0.0 0.0 0.0 0.0 0.0 0.0 0.0 0.0 0.0 0.0 0.0
CTY_PAR 0.0 0.0 0.0 0.0 0.0 0.0 0.0 0.0 0.0 0.0 0.0 0.0 0.0 0.0 0.0
CTY_PAS 2380.0 2380.0 2380.0 2380.0 2380.0 2380.0 2380.0 2380.0 2380.0 155.620049041 0.0 1442.26294418 1044.56563862 0.0 2380.0
CTY_PCR 0.0 0.0 0.0 0.0 0.0 0.0 0.0 0.0 0.0 0.0 0.0 0.0 0.0 0.0 0.0
CTY_PNM 0.0 0.0 0.0 0.0 0.0 0.0 0.0 0.0 0.0 0.0 0.0 0.0 0.0 0.0 0.0
CTY_SFE 0.0 0.0 0.0 0.0 0.0 0.0 0.0 0.0 0.0 0.0 0.0 0.0 0.0 0.0 0.0
CTY_SFS 0.0 0.0 0.0 0.0 0.0 0.0 0.0 0.0 0.0 0.0 0.0 0.0 0.0 0.0 0.0
CTY_SGT 0.0 0.0 0.0 0.0 0.0 0.0 0.0 0.0 0.0 0.0 0.0 0.0 0.0 0.0 0.0
CTY_SIE 228.0 228.0 228.0 228.0 228.0 228.0 228.0 228.0 228.0 228.0 228.0 228.0 228.0 228.0 228.0
CTY_SIG 0.0 0.0 0.0 0.0 0.0 0.0 0.0 0.0 0.0 0.0 0.0 0.0 0.0 0.0 0.0
CTY_SMC 0.0 0.0 0.0 0.0 0.0 0.0 0.0 0.0 0.0 0.0 0.0 0.0 0.0 0.0 0.0
CTY_SMR 0.0 0.0 0.0 0.0 0.0 0.0 0.0 0.0 0.0 0.0 0.0 0.0 0.0 0.0 0.0
CTY_SPA 0.0 0.0 0.0 0.0 0.0 0.0 0.0 0.0 0.0 0.0 0.0 0.0 0.0 0.0 0.0
CTY_TOR 0.0 0.0 0.0 0.0 0.0 0.0 0.0 0.0 0.0 0.0 0.0 0.0 0.0 0.0 0.0
CTY_VER 0.0 0.0 0.0 0.0 0.0 0.0 0.0 0.0 0.0 0.0 0.0 0.0 0.0 0.0 0.0
CTY_WHT 0.0 0.0 0.0 0.0 0.0 0.0 0.0 0.0 0.0 0.0 0.0 0.0 0.0 0.0 0.0
CWD_CRE 0.0 0.0 0.0 0.0 0.0 0.0 0.0 0.0 0.0 0.0 0.0 0.0 0.0 0.0 0.0
CWD_LA1 0.0 0.0 0.0 0.0 0.0 0.0 0.0 0.0 0.0 0.0 0.0 0.0 0.0 0.0 0.0
CWD_LA2 0.0 0.0 0.0 0.0 0.0 0.0 0.0 0.0 0.0 0.0 0.0 0.0 0.0 0.0 0.0
CWD_LA3 0.0 0.0 0.0 0.0 0.0 0.0 0.0 0.0 0.0 0.0 0.0 0.0 0.0 0.0 0.0
CWD_LAH 0.0 0.0 0.0 0.0 0.0 0.0 0.0 0.0 0.0 0.0 0.0 0.0 0.0 0.0 0.0
CWD_LAP 0.0 0.0 0.0 0.0 0.0 0.0 0.0 0.0 0.0 0.0 0.0 0.0 0.0 0.0 0.0
CWD_ORC 0.0 0.0 0.0 0.0 0.0 0.0 0.0 0.0 0.0 0.0 0.0 0.0 0.0 0.0 0.0
CWD_PIC 0.0 0.0 0.0 0.0 0.0 0.0 0.0 0.0 0.0 0.0 0.0 0.0 0.0 0.0 0.0
CWD_ROW 0.0 0.0 0.0 0.0 0.0 0.0 0.0 0.0 0.0 0.0 0.0 0.0 0.0 0.0 0.0
CWD_SAV 0.0 0.0 0.0 0.0 0.0 0.0 0.0 0.0 0.0 0.0 0.0 0.0 0.0 0.0 0.0
CWD_SGB 0.0 0.0 0.0 0.0 0.0 0.0 0.0 0.0 0.0 0.0 0.0 0.0 0.0 0.0 0.0
CWD_VAL 0.0 0.0 0.0 0.0 0.0 0.0 0.0 0.0 0.0 0.0 0.0 0.0 0.0 0.0 0.0
CWD_WVA 0.0 0.0 0.0 0.0 0.0 0.0 0.0 0.0 0.0 0.0 0.0 0.0 0.0 0.0 0.0
GWB_CEN 0.0 0.0 0.0 0.0 0.0 0.0 0.0 0.0 0.0 0.0 0.0 0.0 0.0 0.0 0.0
GWB_CHI 0.0 0.0 0.0 0.0 0.0 0.0 0.0 0.0 0.0 0.0 0.0 0.0 0.0 0.0 0.0
GWB_HOL 0.0 0.0 0.0 0.0 0.0 0.0 0.0 0.0 0.0 0.0 0.0 0.0 0.0 0.0 0.0
GWB_MSG 0.0 0.0 0.0 0.0 0.0 0.0 0.0 0.0 0.0 0.0 0.0 0.0 0.0 0.0 0.0
GWB_PUE 0.0 0.0 0.0 0.0 0.0 0.0 0.0 0.0 0.0 0.0 0.0 0.0 0.0 0.0 0.0
GWB_RAY 0.0 0.0 0.0 0.0 0.0 0.0 0.0 0.0 0.0 0.0 0.0 0.0 0.0 0.0 0.0
GWB_SFE 0.0 0.0 0.0 0.0 0.0 0.0 0.0 0.0 0.0 0.0 0.0 0.0 0.0 0.0 0.0
GWB_SIX 0.0 0.0 0.0 0.0 0.0 0.0 0.0 0.0 0.0 0.0 0.0 0.0 0.0 0.0 0.0
GWB_SMC 0.0 0.0 0.0 0.0 0.0 0.0 0.0 0.0 0.0 0.0 0.0 0.0 0.0 0.0 0.0
GWB_SPA 0.0 0.0 0.0 0.0 0.0 0.0 0.0 0.0 0.0 0.0 0.0 0.0 0.0 0.0 0.0
GWB_SYL 0.0 0.0 0.0 0.0 0.0 0.0 0.0 0.0 0.0 0.0 0.0 0.0 0.0 0.0 0.0
GWB_VER 0.0 0.0 0.0 0.0 0.0 0.0 0.0 0.0 0.0 0.0 0.0 0.0 0.0 0.0 0.0
GWB_WCS 0.0 0.0 0.0 0.0 0.0 0.0 0.0 0.0 0.0 0.0 0.0 0.0 0.0 0.0 0.0
INF_BTD 4528.44681963 3405.24259699 8933.56039008 5145.97911568 1159.60969517 22953.0342315 44405.9403651 47618.8584796 2767.6505963 28305.5717549 14022.7919714 8326.16527816 76417.8147131 25364.0917235 111601.817947
INF_CAS 0.0 0.0 0.0 0.0 0.0 0.0 0.0 0.0 0.0 0.0 0.0 0.0 0.0 0.0 0.0
INF_COL 0.0 0.0 0.0 0.0 0.0 0.0 0.0 0.0 0.0 0.0 0.0 0.0 0.0 0.0 0.0
INF_CSB 0.0 0.0 0.0 0.0 0.0 0.0 0.0 0.0 0.0 0.0 0.0 0.0 0.0 0.0 0.0
INF_DVR 0.0 0.0 0.0 0.0 0.0 0.0 0.0 0.0 0.0 0.0 0.0 0.0 0.0 0.0 0.0
INF_HAN 21082.4328842 11553.5713043 18503.1763495 10551.3653987 7222.50378075 47171.7704204 118605.553939 101973.950321 8413.35399066 138223.362395 15582.2091776 19724.2746894 69697.416896 7035.03074485 28505.4301816
INF_LAR 0.0 0.0 0.0 0.0 0.0 0.0 0.0 0.0 0.0 0.0 0.0 0.0 0.0 0.0 0.0
INF_LMR 0.0 0.0 0.0 0.0 0.0 0.0 0.0 0.0 0.0 0.0 0.0 0.0 0.0 0.0 0.0
INF_LOD 2807.60815686 2926.77190159 5136.09111533 1871.99078239 2280.09590345 2832.45339826 3757.28850892 2421.09244148 2018.08014493 7258.33189008 2732.52264694 1382.64389323 27116.3097656 1658.88451559 3370.81119437
INF_LPB 0.0 0.0 0.0 0.0 0.0 0.0 0.0 0.0 0.0 0.0 0.0 0.0 0.0 0.0 0.0
INF_LR2 0.0 0.0 0.0 0.0 0.0 0.0 0.0 0.0 0.0 0.0 0.0 0.0 0.0 0.0 0.0
INF_LR3 0.0 0.0 0.0 0.0 0.0 0.0 0.0 0.0 0.0 0.0 0.0 0.0 0.0 0.0 0.0
INF_LR4 0.0 0.0 0.0 0.0 0.0 0.0 0.0 0.0 0.0 0.0 0.0 0.0 0.0 0.0 0.0
INF_MOR 37757.8553164 10264.8864335 78816.2658314 17961.723743 9643.52019372 60600.3086367 159984.514587 203361.646861 17671.3069485 204825.213932 95714.0073171 88031.8055746 128871.900332 10242.9498192 59448.3017722
INF_PCD 2631.83649426 42295.992986 74868.3733845 738.744375408 427.013349528 6200.92854367 19398.0802026 20425.4182849 470.771712364 18139.020383 6142.87305546 5902.33682402 26317.162714 540.239408094 4414.9244813
INF_PUD 5617.48288561 3241.67763304 2772.72865999 3834.83665845 2564.76390235 10789.744383 19748.5283814 36121.6843789 2917.95302339 31064.9191084 10287.4327255 4935.03180022 15210.4501208 1835.79423397 4706.47673637
INF_SAD 2623.49820289 866.926304415 2018.85662185 1420.31415219 654.881285186 4325.14453815 8101.11085824 13932.5151212 4088.61220779 13236.7436558 6328.79519009 3350.19900352 11345.8204967 269.571515316 2852.3821746
INF_SFD 0.0 0.0 0.0 0.0 0.0 0.0 0.0 0.0 0.0 0.0 0.0 0.0 0.0 0.0 0.0
INF_SFN 0.0 0.0 0.0 0.0 0.0 0.0 0.0 0.0 0.0 0.0 0.0 0.0 0.0 0.0 0.0
INF_SGD 48810.0292386 17152.9447312 98140.5985218 38268.093061 21827.7076075 101962.623985 285657.323512 285243.010459 345032.897301 595442.214179 125972.822727 133587.924462 432728.373044 184639.599552 562007.696481
INF_SND 2830.29282715 579.229377911 2097.32986946 1718.15028464 506.416205269 2696.66503859 4844.85155268 6205.98146175 710.592122132 13315.286275 2784.50900868 680.019398626 5824.17677795 97.4854934196 904.48678029
INF_SPV 33999.8650596 16443.282877 17985.6664613 11729.6978239 16098.921802 18573.0468979 102421.946658 69636.0765426 14018.9469997 32386.9895259 23134.7848853 27040.1387042 73992.3621181 12901.1530855 3008.89722591
INF_SVR 0.0 0.0 0.0 0.0 0.0 0.0 0.0 0.0 0.0 0.0 0.0 0.0 0.0 0.0 0.0
INF_SWP 0.0 0.0 0.0 0.0 0.0 0.0 0.0 0.0 0.0 0.0 0.0 0.0 0.0 0.0 0.0
INF_WHR 0.0 0.0 0.0 0.0 0.0 0.0 0.0 0.0 0.0 0.0 0.0 0.0 0.0 0.0 0.0
INF_WHS 69690.8208317 51914.9103955 64339.3974563 32185.2370199 45280.242778 133908.827587 342693.299145 556335.405379 46619.5566741 229839.398171 171324.888126 92364.9244193 403357.606119 74011.140087 168566.658844
IOU_CAW 1672.0 1672.0 1672.0 1672.0 1672.0 1672.0 1672.0 1672.0 1672.0 1672.0 1672.0 1672.0 1672.0 1672.0 1672.0
IOU_CWS 0.0 0.0 0.0 0.0 0.0 0.0 0.0 0.0 0.0 0.0 0.0 0.0 0.0 0.0 0.0
IOU_EPS 0.0 0.0 0.0 0.0 0.0 0.0 0.0 0.0 0.0 0.0 0.0 0.0 0.0 0.0 0.0
IOU_GSM 190.0 0.0 190.0 190.0 0.0 190.0 190.0 0.0 0.0 0.0 0.0 0.0 0.0 0.0 0.0
IOU_GSR 0.0 0.0 0.0 0.0 0.0 0.0 0.0 0.0 0.0 0.0 0.0 0.0 0.0 0.0 0.0
IOU_PWC 0.0 0.0 0.0 0.0 0.0 0.0 0.0 0.0 0.0 0.0 0.0 0.0 0.0 0.0 0.0
IOU_SGV 0.0 0.0 0.0 0.0 0.0 0.0 0.0 0.0 0.0 0.0 0.0 0.0 0.0 0.0 0.0
IOU_SWS 0.0 0.0 0.0 0.0 0.0 0.0 0.0 0.0 0.0 0.0 0.0 0.0 0.0 0.0 0.0
IRR_KIN 0.0 0.0 0.0 0.0 0.0 0.0 0.0 0.0 0.0 0.0 0.0 0.0 0.0 0.0 0.0
IRR_LAC 0.0 0.0 0.0 0.0 0.0 0.0 0.0 0.0 0.0 0.0 0.0 0.0 0.0 0.0 0.0
IRR_SMT 0.0 0.0 0.0 0.0 0.0 0.0 0.0 0.0 0.0 0.0 0.0 0.0 0.0 0.0 0.0
MWC_180 0.0 0.0 0.0 0.0 0.0 0.0 0.0 0.0 0.0 0.0 0.0 0.0 0.0 0.0 0.0
MWC_349 0.0 0.0 0.0 0.0 0.0 0.0 0.0 0.0 0.0 0.0 0.0 0.0 0.0 0.0 0.0
MWC_ADR 0.0 0.0 0.0 0.0 0.0 0.0 0.0 0.0 0.0 0.0 0.0 0.0 0.0 0.0 0.0
MWC_AMA 0.0 0.0 0.0 0.0 0.0 0.0 0.0 0.0 0.0 0.0 0.0 0.0 0.0 0.0 0.0
MWC_BLS 0.0 0.0 0.0 0.0 0.0 0.0 0.0 0.0 0.0 0.0 0.0 0.0 0.0 0.0 0.0
MWC_CDM 0.0 0.0 0.0 0.0 0.0 0.0 0.0 0.0 0.0 0.0 0.0 0.0 0.0 0.0 0.0
MWC_COV 562.365007319 839.350757193 1196.52129217 0.0 0.0 1196.52129217 562.365007319 0.0 1901.17715543 1204.88058039 1758.88629949 720.765626007 0.0 0.0 0.0
MWC_DEL 0.0 0.0 0.0 0.0 0.0 0.0 0.0 0.0 0.0 0.0 0.0 0.0 0.0 0.0 0.0
MWC_HEM 0.0 0.0 0.0 0.0 0.0 0.0 0.0 0.0 0.0 0.0 0.0 0.0 0.0 0.0 0.0
MWC_LAV 0.0 0.0 0.0 0.0 0.0 0.0 0.0 0.0 0.0 0.0 0.0 0.0 0.0 0.0 0.0
MWC_LFL 0.0 0.0 0.0 0.0 0.0 0.0 0.0 0.0 0.0 0.0 0.0 0.0 0.0 0.0 0.0
MWC_LYN 0.0 0.0 0.0 0.0 0.0 0.0 0.0 0.0 0.0 0.0 0.0 0.0 0.0 0.0 0.0
MWC_MA1 0.0 0.0 0.0 0.0 0.0 0.0 0.0 0.0 0.0 0.0 0.0 0.0 0.0 0.0 0.0
MWC_MA2 0.0 0.0 0.0 0.0 0.0 0.0 0.0 0.0 0.0 0.0 0.0 0.0 0.0 0.0 0.0
MWC_MA3 0.0 0.0 0.0 0.0 0.0 0.0 0.0 0.0 0.0 0.0 0.0 0.0 0.0 0.0 0.0
MWC_MCR 0.0 0.0 0.0 0.0 0.0 0.0 0.0 0.0 0.0 0.0 0.0 0.0 0.0 0.0 0.0
MWC_MON 0.0 0.0 0.0 0.0 0.0 0.0 0.0 0.0 0.0 0.0 0.0 0.0 0.0 0.0 0.0
MWC_RUB 0.0 0.0 0.0 0.0 0.0 0.0 0.0 0.0 0.0 0.0 0.0 0.0 0.0 0.0 0.0
MWC_RUR 0.0 0.0 0.0 0.0 0.0 0.0 0.0 0.0 0.0 0.0 0.0 0.0 0.0 0.0 0.0
MWC_SSL 0.0 0.0 0.0 0.0 0.0 0.0 0.0 0.0 0.0 0.0 0.0 0.0 0.0 0.0 0.0
MWC_STG 0.0 0.0 0.0 0.0 0.0 0.0 0.0 0.0 0.0 0.0 0.0 0.0 0.0 0.0 0.0
MWC_VHT 0.0 0.0 0.0 0.0 0.0 0.0 0.0 0.0 0.0 0.0 0.0 0.0 0.0 0.0 0.0
MWC_VVW 0.0 0.0 0.0 0.0 0.0 0.0 0.0 0.0 0.0 0.0 0.0 0.0 0.0 0.0 0.0
MWC_VWC 0.0 0.0 0.0 0.0 0.0 0.0 0.0 0.0 0.0 0.0 0.0 0.0 0.0 0.0 0.0
MWC_WPK 0.0 0.0 0.0 0.0 0.0 0.0 0.0 0.0 0.0 0.0 0.0 0.0 0.0 0.0 0.0
MWD_CBR 0.0 0.0 0.0 0.0 0.0 0.0 0.0 0.0 0.0 0.0 0.0 0.0 0.0 0.0 0.0
MWD_CBS 0.0 0.0 0.0 0.0 0.0 0.0 0.0 0.0 0.0 0.0 0.0 0.0 0.0 0.0 0.0
MWD_FTH 0.0 0.0 0.0 0.0 0.0 0.0 0.0 0.0 0.0 0.0 0.0 0.0 0.0 0.0 0.0
MWD_FTR 0.0 0.0 0.0 0.0 0.0 0.0 0.0 0.0 0.0 0.0 0.0 0.0 0.0 0.0 0.0
MWD_LVI 0.0 0.0 0.0 0.0 0.0 0.0 0.0 0.0 0.0 0.0 0.0 0.0 0.0 0.0 0.0
MWD_LVR 0.0 0.0 0.0 0.0 0.0 0.0 0.0 0.0 0.0 0.0 0.0 0.0 0.0 0.0 0.0
MWD_MET 0.0 0.0 0.0 0.0 0.0 0.0 0.0 0.0 0.0 0.0 0.0 0.0 0.0 0.0 0.0
MWD_SGR 0.0 0.0 0.0 0.0 0.0 0.0 0.0 0.0 0.0 0.0 0.0 0.0 0.0 0.0 0.0
MWD_SGV 0.0 0.0 0.0 0.0 0.0 0.0 0.0 0.0 0.0 0.0 0.0 0.0 0.0 0.0 0.0
MWD_THR 0.0 0.0 0.0 0.0 0.0 0.0 0.0 0.0 0.0 0.0 0.0 0.0 0.0 0.0 0.0
MWD_THV 0.0 0.0 0.0 0.0 0.0 0.0 0.0 0.0 0.0 0.0 0.0 0.0 0.0 0.0 0.0
MWD_USG 0.0 0.0 0.0 0.0 0.0 0.0 0.0 0.0 0.0 0.0 0.0 0.0 0.0 0.0 0.0
MWD_USR 0.0 0.0 0.0 0.0 0.0 0.0 0.0 0.0 0.0 0.0 0.0 0.0 0.0 0.0 0.0
MWD_WCB 0.0 0.0 0.0 0.0 0.0 0.0 0.0 0.0 0.0 0.0 0.0 0.0 0.0 0.0 0.0
MWD_WCD 0.0 0.0 0.0 0.0 0.0 0.0 0.0 0.0 0.0 0.0 0.0 0.0 0.0 0.0 0.0
MWD_WCP 0.0 0.0 0.0 0.0 0.0 0.0 0.0 0.0 0.0 0.0 0.0 0.0 0.0 0.0 0.0
MWD_WCR 0.0 0.0 0.0 0.0 0.0 0.0 0.0 0.0 0.0 0.0 0.0 0.0 0.0 0.0 0.0
MWD_WRD 0.0 0.0 0.0 0.0 0.0 0.0 0.0 0.0 0.0 0.0 0.0 0.0 0.0 0.0 0.0
MWS_BHG 0.0 0.0 0.0 0.0 0.0 0.0 0.0 0.0 0.0 0.0 0.0 0.0 0.0 0.0 0.0
PRK_FBP 0.0 0.0 0.0 0.0 0.0 0.0 0.0 0.0 0.0 0.0 0.0 0.0 0.0 0.0 0.0
PRV_CEN 0.0 0.0 0.0 0.0 0.0 0.0 0.0 0.0 0.0 0.0 0.0 0.0 0.0 0.0 0.0
PRV_COC 0.0 0.0 0.0 0.0 0.0 0.0 0.0 0.0 0.0 0.0 0.0 0.0 0.0 0.0 0.0
PRV_MOC 0.0 0.0 0.0 0.0 0.0 0.0 0.0 0.0 0.0 0.0 0.0 0.0 0.0 0.0 0.0
PRV_MSG 0.0 0.0 0.0 0.0 0.0 0.0 0.0 0.0 0.0 0.0 0.0 0.0 0.0 0.0 0.0
PRV_RAY 0.0 0.0 0.0 0.0 0.0 0.0 0.0 0.0 0.0 0.0 0.0 0.0 0.0 0.0 0.0
PRV_SGR 0.0 0.0 0.0 0.0 0.0 0.0 0.0 0.0 0.0 0.0 0.0 0.0 0.0 0.0 0.0
PRV_SIX 0.0 0.0 0.0 0.0 0.0 0.0 0.0 0.0 0.0 0.0 0.0 0.0 0.0 0.0 0.0
PRV_WCS 0.0 0.0 0.0 0.0 0.0 0.0 0.0 0.0 0.0 0.0 0.0 0.0 0.0 0.0 0.0
PRV_WMI 0.0 0.0 0.0 0.0 0.0 0.0 0.0 0.0 0.0 0.0 0.0 0.0 0.0 0.0 0.0
PRV_WOC 0.0 0.0 0.0 0.0 0.0 0.0 0.0 0.0 0.0 0.0 0.0 0.0 0.0 0.0 0.0
SPG_ANI 25.7731958763 0.0 0.0 0.0 0.0 0.0 0.0 0.0 0.0 0.0 0.0 0.0 0.0 0.0 0.0
SPG_BDS 1237.27276341 219.165774711 944.027816683 832.91920393 213.759754278 1587.04857423 2228.4600243 3150.96880557 271.055082899 3376.7062554 2022.2878373 1132.87788111 3541.89951872 83.8466488722 665.664678717
SPG_BEN 2698.28577018 1923.67560517 2367.54511774 1758.6221737 1701.24831147 4804.04179315 5399.2476504 6240.6446302 1337.7734355 3181.57697819 3191.33120775 3165.81578505 1970.10291889 854.075972218 1313.37657537
SPG_BRF 1976.85308262 588.659793814 1619.75182107 1280.80474684 1632.93791774 1684.00733433 6264.5005837 5810.45919954 1175.2008089 2485.51294741 1640.68552298 1819.27191834 2187.5917968 3607.86695161 1406.76906819
SPG_BRW 0.0 0.0 0.0 0.0 0.0 0.0 0.0 0.0 0.0 0.0 0.0 0.0 0.0 0.0 0.0
SPG_BUL 12.3711340206 3674.22680412 1224.74226804 918.556701031 612.371134021 1224.74226804 306.18556701 0.0 1084.77118571 612.371134021 3674.22680412 3674.22680412 3674.22680412 3674.22680412 5483.95331034
SPG_BVS 0.0 0.0 0.0 0.0 0.0 916.494845361 1410.10467794 549.484536082 0.0 2715.5661583 916.494845361 916.494845361 1098.96907216 0.0 0.0
SPG_CIT 9418.80472772 5816.66732043 7542.99435416 5268.76446736 3508.82103749 9532.02948538 11484.427074 9737.86995607 3499.15202428 9861.69457645 10639.622016 7678.98791865 11099.7334627 1881.29311504 8085.85224976
SPG_DOM 0.0 241.237113402 0.0 0.0 0.0 0.0 0.0 0.0 0.0 0.0 0.0 0.0 669.072164948 3999.71134021 425.773195876
SPG_EAB 292.783505155 0.0 0.0 211.663560466 0.0 0.0 0.0 0.0 0.0 0.0 0.0 0.0 0.0 0.0 0.0
SPG_ESG 541.237113402 0.0 0.0 0.0 0.0 0.0 0.0 0.0 0.0 0.0 0.0 0.0 0.0 0.0 0.0
SPG_FOR 1628.60514291 676.85398984 2163.1916218 1029.80669284 595.001820055 1603.1763384 2042.79755123 1491.39094921 528.949648722 1813.57421762 1668.84910258 1102.51855142 1981.11844479 334.184321443 1136.5321808
SPG_HS2 0.0 0.0 0.0 0.0 0.0 0.0 0.0 0.0 0.0 0.0 0.0 0.0 0.0 0.0 0.0
SPG_HSG 0.0 0.0 0.0 0.0 0.0 0.0 0.0 0.0 0.0 0.0 0.0 0.0 0.0 0.0 0.0
SPG_IRW 6121.0374346 5899.05576914 6190.13483781 8171.00647244 4488.26901885 8719.72256787 11645.3541813 12237.193092 5324.17132343 13199.2413361 10915.6330388 6867.77134316 15427.8477649 3082.80000006 6497.77329479
SPG_LAR 0.0 0.0 0.0 0.0 0.0 0.0 0.0 0.0 0.0 0.0 0.0 0.0 0.0 0.0 0.0
SPG_LIT 2906.05208474 3915.58545978 6670.1575439 2035.46233702 2201.02200845 3229.33743902 2216.09816772 3756.94116176 2074.87842684 7165.39624828 4526.88216485 240.389158552 7283.03584492 179.896253109 5440.84176642
SPG_LOP 0.0 0.0 0.0 0.0 0.0 0.0 0.0 0.0 0.0 0.0 0.0 0.0 0.0 0.0 0.0
SPG_LOS 0.0 0.0 0.0 0.0 0.0 0.0 0.0 0.0 0.0 0.0 0.0 0.0 0.0 0.0 0.0
SPG_MIL 3409.04927505 1743.65844176 3347.43752646 855.346355093 1212.92946272 7248.51506636 8307.20115066 -39.7234942479 1357.02582333 8124.1441841 6362.3007959 5298.98681343 6580.72564356 979.761911526 2901.25935963
SPG_PC2 0.0 0.0 0.0 0.0 0.0 0.0 0.0 0.0 0.0 0.0 0.0 0.0 0.0 0.0 0.0
SPG_PCS 0.0 0.0 0.0 0.0 0.0 0.0 0.0 0.0 0.0 0.0 0.0 0.0 0.0 0.0 0.0
SPG_PEC 13333.2469295 7311.60283463 8872.11936672 5461.15453456 5490.65244086 12331.8908541 18082.9485729 33570.6316252 6125.70823776 32458.8238862 19365.4594696 19245.2506252 43784.6723669 3968.35659768 21372.843194
SPG_RS2 0.0 0.0 0.0 0.0 0.0 0.0 0.0 0.0 0.0 0.0 0.0 0.0 0.0 0.0 0.0
SPG_RSF 0.0 0.0 0.0 0.0 0.0 0.0 0.0 0.0 0.0 0.0 0.0 0.0 0.0 0.0 0.0
SPG_SAW 2411.12163054 75.4286134967 63.9511009233 15.600331288 37.2702495366 1222.93927976 4484.51910587 5166.03001964 53.3168692593 5161.90179339 3466.84218194 2993.80186963 3767.3583245 22.9010991016 3552.17223931
SPG_SFG 14280.9917355 11394.2684009 14280.9917355 14280.9917355 13254.9883206 14280.9917355 14280.9917355 14280.9917355 14280.9917355 14280.9917355 14280.9917355 14280.9917355 14280.9917355 9450.85387417 14280.9917355
SPG_SG2 0.0 0.0 0.0 0.0 0.0 0.0 0.0 0.0 0.0 0.0 0.0 0.0 0.0 0.0 0.0
SPG_SGC 55643.2989691 39010.3277516 55643.2989691 54509.2783505 51339.0857135 55076.2886598 55643.2989691 54509.2783505 55076.2886598 55076.2886598 55076.2886598 55643.2989691 55076.2886598 38284.4138286 55076.2886598
SPG_SGY 0.0 0.0 0.0 0.0 0.0 0.0 0.0 0.0 0.0 0.0 0.0 0.0 0.0 0.0 0.0
SPG_SMD 30.9278350515 0.0 0.0 -211.663560466 0.0 0.0 0.0 0.0 0.0 0.0 0.0 0.0 0.0 0.0 0.0
SPG_SND 3538.23348626 1263.25005106 4548.45295393 2587.877931 841.582329692 3013.28248068 4166.6001332 4042.64371797 1665.76320273 4237.94881119 3534.34867765 607.892961701 4584.20924192 300.839019922 2676.7583783
SPG_SPA 0.0 0.0 0.0 0.0 0.0 0.0 0.0 126.804123711 0.0 0.0 0.0 0.0 0.0 0.0 0.0
SPG_SPV 0.0 0.0 0.0 0.0 0.0 0.0 0.0 0.0 0.0 0.0 0.0 0.0 0.0 0.0 0.0
SPG_TUJ 248.518659245 2927.08430034 1249.13930845 0.0 0.0 0.0 0.0 0.0 0.0 969.481868849 0.0 0.0 0.0 3422.15803529 0.0
SPG_WAL 3674.22680412 3302.01844133 3808.46290831 3110.30452464 3443.05511727 3595.3006733 3674.22680412 3787.12485275 3675.58385785 3415.11111399 3849.48453608 3172.71086424 3674.22680412 2933.09744508 3454.62741756
SUR_ASE 0.0 0.0 0.0 0.0 0.0 0.0 0.0 0.0 0.0 0.0 0.0 0.0 0.0 0.0 0.0
SUR_BAL 0.0 0.0 0.0 0.0 0.0 0.0 0.0 0.0 0.0 0.0 0.0 0.0 0.0 0.0 0.0
SUR_BAC 32053.6012891 35524.5109608 22718.8954122 29961.6282398 31824.8604935 48851.1536122 136777.538954 70083.0790688 20700.3168571 159193.789893 84423.6519844 72048.8161194 19284.2667308 1269.97466086 27192.7733889
SUR_SDL 593.778842515 0.0 972.705754374 294.333242151 0.0 3525.7391147 3249.9027156 6066.47410925 0.0 5137.19161403 6940.43602721 1576.38215467 7927.94140712 0.0 1591.73894633
SUR_BDU 0.0 0.0 0.0 0.0 0.0 0.0 0.0 0.0 0.0 0.0 0.0 0.0 0.0 0.0 0.0
SUR_BDS 0.0 0.0 0.0 0.0 0.0 0.0 0.0 40.4239097926 0.0 60.9542029886 0.0 0.0 944.425870099 0.0 0.0
SUR_BTD 0.0 0.0 0.0 0.0 0.0 0.0 0.0 0.0 0.0 0.0 0.0 0.0 0.0 0.0 0.0
SUR_BRF 0.0 0.0 0.0 0.0 0.0 0.0 0.0 0.0 0.0 0.0 0.0 0.0 0.0 0.0 0.0
SUR_BVS 0.0 0.0 0.0 0.0 0.0 0.0 0.0 0.0 0.0 0.0 0.0 0.0 0.0 0.0 0.0
SUR_BDM 2445.00872712 1824.50156418 548.40171375 775.780154609 964.891716641 1933.33301493 4224.98058589 4309.02045438 590.83845702 6539.96491846 1327.54108042 1548.21343457 3750.02824223 119.94968381 905.226026145
SUR_COY 0.0 0.0 0.0 0.0 0.0 0.0 0.0 0.0 0.0 0.0 0.0 0.0 0.0 0.0 0.0
SUR_DOM 0.0 0.0 0.0 0.0 0.0 0.0 0.0 0.0 0.0 0.0 0.0 0.0 0.0 0.0 0.0
SUR_EAB 1512.40263257 1724.35151635 3894.25761843 927.636876896 699.36547272 14935.8483376 22754.2422102 34985.6726504 832.658519861 53299.7543697 5853.23699178 5926.54285883 11206.2573891 873.727146372 83717.9807791
SUR_EAT 0.0 0.0 0.0 0.0 0.0 0.0 0.0 0.0 0.0 0.0 0.0 0.0 0.0 0.0 0.0
SUR_SDM 534.077533702 0.0 55.8486715593 171.683391784 0.0 6.02840720859 7406.83859805 7552.56235042 0.0 2015.15452925 735.560026847 0.0 0.0 0.0 9792.79459102
SUR_HAN 0.0 0.0 0.0 0.0 0.0 0.0 0.0 0.0 0.0 0.0 0.0 0.0 0.0 0.0 0.0
SUR_BDL 3022.9757318 288.608698679 1067.42741614 2818.16403799 0.0 6835.62353324 10211.3155611 30299.990402 332.604492603 20490.2195597 15087.1638392 5749.17183448 22708.5094891 135.496773702 4095.56263931
SUR_LIT 0.0 0.0 0.0 0.0 0.0 0.0 0.0 0.0 0.0 0.0 0.0 0.0 0.0 0.0 0.0
SUR_LOS 0.0 0.0 0.0 0.0 0.0 0.0 0.0 0.0 0.0 0.0 0.0 0.0 0.0 0.0 0.0
SUR_PCU 0.0 0.0 0.0 0.0 0.0 0.0 0.0 0.0 0.0 0.0 0.0 0.0 0.0 0.0 0.0
SUR_LAL 15389.9691157 9212.81175123 5490.18196625 6654.33811156 5591.17840838 12043.0737837 24495.112813 81758.4728237 6577.48039555 108054.911798 31348.8842928 14925.5608191 56692.1622832 3087.96342181 26.6038118581
SUR_SGL 2938.49532899 1825.09261959 4851.21656574 652.097889039 0.0 4023.21585439 45159.3534468 70952.1654623 14021.7242023 60365.7546162 23504.7310643 10832.1963741 34274.9220548 17719.1441302 29562.2770075
SUR_MAL 860.824318379 354.19829748 572.030295537 207.19712935 470.628632116 725.587939002 3430.27303328 9188.56986538 323.429455038 93237.6431142 29832.7114081 33377.2465392 40841.2111497 427.889349234 1243.04083853
SUR_MAC 0.0 0.0 0.0 0.0 0.0 0.0 0.0 0.0 0.0 0.0 0.0 0.0 0.0 0.0 0.0
SUR_MOR 0.0 0.0 0.0 0.0 0.0 0.0 0.0 0.0 0.0 0.0 0.0 0.0 0.0 0.0 0.0
SUR_PCD 0.0 0.0 0.0 0.0 0.0 0.0 0.0 0.0 0.0 0.0 0.0 0.0 0.0 0.0 0.0
SUR_PCL 2315.55611822 0.0 5772.38902929 90.4113473243 3455.26373747 10468.7999495 14452.9786238 103.670919263 1552.75224901 2366.0797212 3706.04988527 1166.03604769 0.0 1525.13824656 20.9737519929
SUR_SAL 5375.90598279 1120.5464464 15491.9049312 2187.52246475 2378.40012391 4993.6392747 9480.20223516 10363.1373494 4040.85858528 13030.7760432 7290.01716659 3070.56099392 10548.3993782 25551.5811109 5016.93325554
SUR_PUD 0.0 0.0 0.0 14.3142515483 0.0 5406.51930413 0.0 7924.89504613 0.0 4397.83063152 445.089045863 2564.01909669 11666.4521126 0.0 0.0
SUR_RHU 0.0 0.0 0.0 0.0 0.0 0.0 0.0 0.0 0.0 0.0 0.0 0.0 0.0 0.0 0.0
SUR_SND 0.0 0.0 0.0 0.0 0.0 0.0 0.0 0.0 0.0 0.0 0.0 0.0 0.0 0.0 0.0
SUR_SDU 0.0 0.0 0.0 0.0 0.0 0.0 0.0 0.0 0.0 0.0 0.0 0.0 0.0 0.0 0.0
SUR_SGD 0.0 0.0 0.0 0.0 0.0 0.0 0.0 0.0 0.0 0.0 0.0 0.0 0.0 0.0 0.0
SUR_SGU 0.0 0.0 0.0 0.0 0.0 0.0 0.0 0.0 0.0 0.0 0.0 0.0 0.0 0.0 0.0
SUR_SGC 0.0 0.0 0.0 0.0 0.0 0.0 0.0 0.0 0.0 0.0 0.0 0.0 0.0 0.0 0.0
SUR_SGP 0.0 0.0 0.0 0.0 0.0 0.0 0.0 0.0 0.0 0.0 0.0 0.0 0.0 0.0 0.0
SUR_SJC 20488.2592424 20631.5907139 15357.9123083 13259.5710085 26449.185962 52975.6042031 82422.8711134 114297.996192 27481.445687 94566.3803114 31242.3132292 16926.2319914 56973.789855 9717.95726587 23252.4502611
SUR_SAC 0.0 0.0 0.0 0.0 0.0 0.0 0.0 0.0 0.0 0.0 0.0 0.0 0.0 0.0 0.0
SUR_SAU 625.355040637 240.23612845 480.762795759 281.894671424 233.604667896 1183.03822622 12204.5365885 4225.2539411 1438.40784538 2945.61183063 2133.85596342 864.009506076 3193.06966799 800.730043685 2698.99739146
SUR_SAW 0.0 0.0 0.0 0.0 0.0 0.0 0.0 0.0 0.0 0.0 0.0 0.0 0.0 0.0 0.0
SUR_SMD 0.0 0.0 0.0 0.0 0.0 0.0 0.0 0.0 0.0 0.0 0.0 0.0 0.0 0.0 0.0
SUR_SPV 0.0 0.0 0.0 0.0 0.0 0.0 0.0 0.0 0.0 0.0 0.0 0.0 0.0 0.0 0.0
SUR_THM 0.0 0.0 0.0 0.0 0.0 0.0 0.0 0.0 0.0 0.0 0.0 0.0 0.0 0.0 0.0
SUR_LAU 5701.87788453 -39649.1703553 -257825.753461 1971.60967044 3418.24615364 -129275.457731 17790.412876 17683.3691473 2544.61381592 5997.51095272 7373.78796685 4601.10087365 15230.7153595 2273.83143852 0.0
SUR_VER 0.0 0.0 0.0 0.0 0.0 0.0 0.0 0.0 0.0 0.0 0.0 0.0 0.0 0.0 0.0
SUR_WLL 15315.4368861 6766.28452807 11907.4510125 5066.38863704 4960.78489341 13633.0917529 20771.1691955 37313.5507025 4362.86672969 28148.7967334 27232.1668051 6496.12548405 25140.5571926 1677.32023724 6703.89668636
SUR_WLU 0.0 0.0 0.0 0.0 0.0 0.0 0.0 0.0 0.0 0.0 0.0 0.0 0.0 0.0 0.0
SUR_ALH 0.0 0.0 0.0 0.0 0.0 0.0 0.0 0.0 0.0 0.0 0.0 0.0 0.0 0.0 0.0
SUR_ARC 0.0 0.0 0.0 0.0 0.0 0.0 0.0 0.0 0.0 0.0 0.0 0.0 0.0 0.0 0.0
SUR_CMP 0.0 0.0 0.0 0.0 0.0 0.0 0.0 0.0 0.0 0.0 0.0 0.0 0.0 0.0 0.0
SUR_COV 0.0 0.0 0.0 0.0 0.0 0.0 0.0 0.0 0.0 0.0 0.0 0.0 0.0 0.0 0.0
SUR_EVP 34827.8903217 5816.10227808 1.5467094272e-10 3029.88089522 8.15703060653e-11 3237.0 114847.104247 129486.144849 -9.41327016335e-11 -75864.5857068 32680.6226351 -1.81898940355e-10 45097.5657903 -7.61701812735e-11 139941.047749
SUR_FSH 0.0 0.0 0.0 0.0 0.0 0.0 0.0 0.0 0.0 0.0 0.0 0.0 0.0 0.0 0.0
SUR_LAC 0.0 0.0 0.0 0.0 0.0 0.0 0.0 0.0 0.0 0.0 0.0 0.0 0.0 0.0 0.0
SUR_MIL 0.0 0.0 0.0 0.0 0.0 0.0 0.0 0.0 0.0 0.0 0.0 0.0 0.0 0.0 0.0
SUR_MON 0.0 0.0 0.0 0.0 0.0 0.0 0.0 0.0 0.0 0.0 0.0 0.0 0.0 0.0 0.0
SUR_MTB 0.0 0.0 0.0 0.0 0.0 0.0 0.0 0.0 0.0 0.0 0.0 0.0 0.0 0.0 0.0
SUR_OWN 0.0 0.0 0.0 0.0 0.0 0.0 0.0 0.0 0.0 0.0 0.0 0.0 0.0 0.0 0.0
SUR_OWL 0.0 0.0 0.0 0.0 0.0 0.0 0.0 0.0 0.0 0.0 0.0 0.0 0.0 0.0 0.0
SUR_PAC 86197.5935924 87501.4942927 67801.0691097 51644.8855008 74803.0656285 90676.9392106 209857.478883 315034.86224 73246.8606616 200759.575897 88163.6140331 66529.1150071 183121.617472 78909.2283617 216872.29176
SUR_PCM 0.0 0.0 0.0 0.0 0.0 0.0 0.0 0.0 0.0 0.0 0.0 0.0 0.0 0.0 0.0
SUR_R01 0.0 0.0 0.0 0.0 0.0 0.0 0.0 0.0 0.0 0.0 0.0 0.0 0.0 0.0 0.0
SUR_RCN 0.0 0.0 0.0 0.0 0.0 0.0 0.0 0.0 0.0 0.0 0.0 0.0 0.0 0.0 0.0
SUR_RHL 0.0 0.0 0.0 0.0 0.0 0.0 0.0 0.0 0.0 0.0 0.0 0.0 0.0 0.0 0.0
SUR_RUB 0.0 0.0 0.0 0.0 0.0 0.0 0.0 0.0 0.0 0.0 0.0 0.0 0.0 0.0 0.0
SUR_SAE 0.0 0.0 0.0 0.0 0.0 0.0 0.0 0.0 0.0 0.0 0.0 0.0 0.0 0.0 0.0
SUR_SGM 81281.6144833 25879.5500553 97568.5990765 76096.0242309 61771.7760022 65985.8955191 136861.252762 585443.815342 53881.8260353 361301.44112 96334.2114199 61602.8685836 407971.752958 19192.45062 24067.1066175
SUR_SGO 37729.2993443 6175.97555708 2517.09010929 26078.2709109 11104.8887677 16811.6864727 16209.7434384 27740.3616692 41828.8133155 142843.432042 91547.7380653 12566.6848421 108123.894544 74256.3412723 212851.329968
SUR_TUJ 0.0 0.0 0.0 0.0 0.0 0.0 0.0 0.0 0.0 0.0 0.0 0.0 0.0 0.0 0.0
SUR_TUU 0.0 0.0 0.0 0.0 0.0 0.0 0.0 0.0 0.0 0.0 0.0 0.0 0.0 0.0 0.0
WRP_BUR 0.0 0.0 0.0 0.0 0.0 0.0 0.0 0.0 0.0 0.0 0.0 0.0 0.0 0.0 0.0
WRP_GDL 0.0 0.0 0.0 0.0 0.0 0.0 0.0 0.0 0.0 0.0 0.0 0.0 0.0 0.0 0.0
WRP_HYP 0.0 0.0 0.0 0.0 0.0 0.0 0.0 0.0 0.0 0.0 0.0 0.0 0.0 0.0 0.0
WRP_JWP 0.0 0.0 0.0 0.0 0.0 0.0 0.0 0.0 0.0 0.0 0.0 0.0 0.0 0.0 0.0
WRP_LAC 0.0 0.0 0.0 0.0 0.0 0.0 0.0 0.0 0.0 0.0 0.0 0.0 0.0 0.0 0.0
WRP_LBP 0.0 0.0 0.0 0.0 0.0 0.0 0.0 0.0 0.0 0.0 0.0 0.0 0.0 0.0 0.0
WRP_LCP 0.0 0.0 0.0 0.0 0.0 0.0 0.0 0.0 0.0 0.0 0.0 0.0 0.0 0.0 0.0
WRP_LIT 0.0 0.0 0.0 0.0 0.0 0.0 0.0 0.0 0.0 0.0 0.0 0.0 0.0 0.0 0.0
WRP_MMS 0.0 0.0 0.0 0.0 0.0 0.0 0.0 0.0 0.0 0.0 0.0 0.0 0.0 0.0 0.0
WRP_PON 0.0 0.0 0.0 0.0 0.0 0.0 0.0 0.0 0.0 0.0 0.0 0.0 0.0 0.0 0.0
WRP_SJC 0.0 0.0 0.0 0.0 0.0 0.0 0.0 0.0 0.0 0.0 0.0 0.0 0.0 0.0 0.0
WRP_SJP 0.0 0.0 0.0 0.0 0.0 0.0 0.0 0.0 0.0 0.0 0.0 0.0 0.0 0.0 0.0
WRP_SMR 0.0 0.0 0.0 0.0 0.0 0.0 0.0 0.0 0.0 0.0 0.0 0.0 0.0 0.0 0.0
WRP_TAP 0.0 0.0 0.0 0.0 0.0 0.0 0.0 0.0 0.0 0.0 0.0 0.0 0.0 0.0 0.0
WRP_TER 0.0 0.0 0.0 0.0 0.0 0.0 0.0 0.0 0.0 0.0 0.0 0.0 0.0 0.0 0.0
WRP_TIL 0.0 0.0 0.0 0.0 0.0 0.0 0.0 0.0 0.0 0.0 0.0 0.0 0.0 0.0 0.0
WRP_WHP 0.0 0.0 0.0 0.0 0.0 0.0 0.0 0.0 0.0 0.0 0.0 0.0 0.0 0.0 0.0
VAD_ASE 0.0 0.0 0.0 0.0 0.0 0.0 0.0 0.0 0.0 0.0 0.0 0.0 0.0 0.0 0.0
VAD_BAL 0.0 0.0 0.0 0.0 0.0 0.0 0.0 0.0 0.0 0.0 0.0 0.0 0.0 0.0 0.0
VAD_BAC 0.0 0.0 0.0 0.0 0.0 0.0 0.0 0.0 0.0 0.0 0.0 0.0 0.0 0.0 0.0
VAD_SDL 0.0 0.0 0.0 0.0 0.0 0.0 0.0 0.0 0.0 0.0 0.0 0.0 0.0 0.0 0.0
VAD_BDU 0.0 0.0 0.0 0.0 0.0 0.0 0.0 0.0 0.0 0.0 0.0 0.0 0.0 0.0 0.0
VAD_BDS 0.0 0.0 0.0 0.0 0.0 0.0 0.0 0.0 0.0 0.0 0.0 0.0 0.0 0.0 0.0
VAD_BTD 0.0 0.0 0.0 0.0 0.0 0.0 0.0 0.0 0.0 0.0 0.0 0.0 0.0 0.0 0.0
VAD_BRF 0.0 0.0 0.0 0.0 0.0 0.0 0.0 0.0 0.0 0.0 0.0 0.0 0.0 0.0 0.0
VAD_BVS 0.0 0.0 0.0 0.0 0.0 0.0 0.0 0.0 0.0 0.0 0.0 0.0 0.0 0.0 0.0
VAD_BDM 0.0 0.0 0.0 0.0 0.0 0.0 0.0 0.0 0.0 0.0 0.0 0.0 0.0 0.0 0.0
VAD_COY 0.0 0.0 0.0 0.0 0.0 0.0 0.0 0.0 0.0 0.0 0.0 0.0 0.0 0.0 0.0
VAD_DOM 0.0 0.0 0.0 0.0 0.0 0.0 0.0 0.0 0.0 0.0 0.0 0.0 0.0 0.0 0.0
VAD_EAB 0.0 0.0 0.0 0.0 0.0 0.0 0.0 0.0 0.0 0.0 0.0 0.0 0.0 0.0 0.0
VAD_EAT 0.0 0.0 0.0 0.0 0.0 0.0 0.0 0.0 0.0 0.0 0.0 0.0 0.0 0.0 0.0
VAD_SDM 0.0 0.0 0.0 0.0 0.0 0.0 0.0 0.0 0.0 0.0 0.0 0.0 0.0 0.0 0.0
VAD_HAN 0.0 0.0 0.0 0.0 0.0 0.0 0.0 0.0 0.0 0.0 0.0 0.0 0.0 0.0 0.0
VAD_BDL 0.0 0.0 0.0 0.0 0.0 0.0 0.0 0.0 0.0 0.0 0.0 0.0 0.0 0.0 0.0
VAD_LIT 0.0 0.0 0.0 0.0 0.0 0.0 0.0 0.0 0.0 0.0 0.0 0.0 0.0 0.0 0.0
VAD_LOS 0.0 0.0 0.0 0.0 0.0 0.0 0.0 0.0 0.0 0.0 0.0 0.0 0.0 0.0 0.0
VAD_PCU 0.0 0.0 0.0 0.0 0.0 0.0 0.0 0.0 0.0 0.0 0.0 0.0 0.0 0.0 0.0
VAD_LAL 0.0 0.0 0.0 0.0 0.0 0.0 0.0 0.0 0.0 0.0 0.0 0.0 0.0 0.0 0.0
VAD_SGL 0.0 0.0 0.0 0.0 0.0 0.0 0.0 0.0 0.0 0.0 0.0 0.0 0.0 0.0 0.0
VAD_MAL 0.0 0.0 0.0 0.0 0.0 0.0 0.0 0.0 0.0 0.0 0.0 0.0 0.0 0.0 0.0
VAD_MAC 0.0 0.0 0.0 0.0 0.0 0.0 0.0 0.0 0.0 0.0 0.0 0.0 0.0 0.0 0.0
VAD_MOR 0.0 0.0 0.0 0.0 0.0 0.0 0.0 0.0 0.0 0.0 0.0 0.0 0.0 0.0 0.0
VAD_PCD 0.0 0.0 0.0 0.0 0.0 0.0 0.0 0.0 0.0 0.0 0.0 0.0 0.0 0.0 0.0
VAD_PCS 0.0 0.0 0.0 0.0 0.0 0.0 0.0 0.0 0.0 0.0 0.0 0.0 0.0 0.0 0.0
VAD_SAL 0.0 0.0 0.0 0.0 0.0 0.0 0.0 0.0 0.0 0.0 0.0 0.0 0.0 0.0 0.0
VAD_PUD 0.0 0.0 0.0 0.0 0.0 0.0 0.0 0.0 0.0 0.0 0.0 0.0 0.0 0.0 0.0
VAD_RHU 0.0 0.0 0.0 0.0 0.0 0.0 0.0 0.0 0.0 0.0 0.0 0.0 0.0 0.0 0.0
VAD_SND 0.0 0.0 0.0 0.0 0.0 0.0 0.0 0.0 0.0 0.0 0.0 0.0 0.0 0.0 0.0
VAD_SDU 0.0 0.0 0.0 0.0 0.0 0.0 0.0 0.0 0.0 0.0 0.0 0.0 0.0 0.0 0.0
VAD_SGD 0.0 0.0 0.0 0.0 0.0 0.0 0.0 0.0 0.0 0.0 0.0 0.0 0.0 0.0 0.0
VAD_SGU 0.0 0.0 0.0 0.0 0.0 0.0 0.0 0.0 0.0 0.0 0.0 0.0 0.0 0.0 0.0
VAD_SGC 0.0 0.0 0.0 0.0 0.0 0.0 0.0 0.0 0.0 0.0 0.0 0.0 0.0 0.0 0.0
VAD_SGP 0.0 0.0 0.0 0.0 0.0 0.0 0.0 0.0 0.0 0.0 0.0 0.0 0.0 0.0 0.0
VAD_SJC 0.0 0.0 0.0 0.0 0.0 0.0 0.0 0.0 0.0 0.0 0.0 0.0 0.0 0.0 0.0
VAD_SAC 0.0 0.0 0.0 0.0 0.0 0.0 0.0 0.0 0.0 0.0 0.0 0.0 0.0 0.0 0.0
VAD_SAU 0.0 0.0 0.0 0.0 0.0 0.0 0.0 0.0 0.0 0.0 0.0 0.0 0.0 0.0 0.0
VAD_SAW 0.0 0.0 0.0 0.0 0.0 0.0 0.0 0.0 0.0 0.0 0.0 0.0 0.0 0.0 0.0
VAD_SMD 0.0 0.0 0.0 0.0 0.0 0.0 0.0 0.0 0.0 0.0 0.0 0.0 0.0 0.0 0.0
VAD_THM 0.0 0.0 0.0 0.0 0.0 0.0 0.0 0.0 0.0 0.0 0.0 0.0 0.0 0.0 0.0
VAD_LAU 0.0 0.0 0.0 0.0 0.0 0.0 0.0 0.0 0.0 0.0 0.0 0.0 0.0 0.0 0.0
VAD_VER 0.0 0.0 0.0 0.0 0.0 0.0 0.0 0.0 0.0 0.0 0.0 0.0 0.0 0.0 0.0
VAD_WLL 0.0 0.0 0.0 0.0 0.0 0.0 0.0 0.0 0.0 0.0 0.0 0.0 0.0 0.0 0.0
VAD_WLU 0.0 0.0 0.0 0.0 0.0 0.0 0.0 0.0 0.0 0.0 0.0 0.0 0.0 0.0 0.0
