CAL_064 0.0 0.0 0.0 0.0 0.0 0.0 0.0 0.0 0.0 0.0 0.0 0.0 0.0 0.0 0.0
CAL_192 0.0 0.0 0.0 0.0 0.0 0.0 0.0 0.0 0.0 0.0 0.0 0.0 0.0 0.0 0.0
CAL_274 0.0 0.0 0.0 0.0 0.0 0.0 0.0 0.0 0.0 0.0 0.0 0.0 0.0 0.0 0.0
CAL_304 0.0 0.0 0.0 0.0 0.0 0.0 0.0 0.0 0.0 0.0 0.0 0.0 0.0 0.0 0.0
CAL_318 0.0 0.0 0.0 0.0 0.0 0.0 0.0 0.0 0.0 0.0 0.0 0.0 0.0 0.0 0.0
CAL_319 0.0 0.0 0.0 0.0 0.0 0.0 0.0 0.0 0.0 0.0 0.0 0.0 0.0 0.0 0.0
CAL_342 0.0 0.0 0.0 0.0 0.0 0.0 0.0 0.0 0.0 0.0 0.0 0.0 0.0 0.0 0.0
CAL_42B 0.0 0.0 0.0 0.0 0.0 0.0 0.0 0.0 0.0 0.0 0.0 0.0 0.0 0.0 0.0
CAL_45C 0.0 0.0 0.0 0.0 0.0 0.0 0.0 0.0 0.0 0.0 0.0 0.0 0.0 0.0 0.0
CAL_57C 0.0 0.0 0.0 0.0 0.0 0.0 0.0 0.0 0.0 0.0 0.0 0.0 0.0 0.0 0.0
CAL_81D 0.0 0.0 0.0 0.0 0.0 0.0 0.0 0.0 0.0 0.0 0.0 0.0 0.0 0.0 0.0
CTY_ALH 8812.0 8812.0 8812.0 8812.0 8812.0 8812.0 6779.75075973 6275.84280398 6275.84280398 6275.84280398 3551.79056807 3209.54237136 5845.2687883 3209.54237136 3209.54237136
CTY_ARC 7054.97287322 7054.97287322 7054.97287322 7054.97287322 7054.97287322 7054.97287322 7054.97287322 7054.97287322 7054.97287322 7054.97287322 4932.79569408 4784.85928308 5372.53119781 4784.85928308 4784.85928308
CTY_AZU 10749.4211741 10749.4211741 10749.4211741 10749.4211741 10749.4211741 10749.4211741 10749.4211741 10749.4211741 10749.4211741 10749.4211741 6432.414866 5830.94344348 10473.5733717 5830.94344348 5830.94344348
CTY_BEL 460.033937689 460.033937689 460.033937689 460.033937689 460.033937689 460.033937689 460.033937689 460.033937689 460.033937689 460.033937689 276.604141157 276.604141157 276.604141157 276.604141157 276.604141157
CTY_BHL 1311.0 1311.0 1311.0 1311.0 1311.0 1311.0 918.697245275 0.0 0.0 0.0 0.0 0.0 0.0 0.0 0.0
CTY_BUR 0.0 827.12161144 0.0 0.0 713.844675711 3389.87070816 986.205142013 0.0 0.0 0.0 0.0 0.0 0.0 0.0 0.0
CTY_CER 4394.87922544 4394.87922544 4394.87922544 4394.87922544 4394.87922544 4394.87922544 3244.87922544 3244.87922544 3244.87922544 3244.87922544 1247.82423101 1247.82423101 1247.82423101 1247.82423101 1247.82423101
CTY_CLM 0.0 0.0 0.0 0.0 0.0 0.0 0.0 0.0 0.0 0.0 0.0 0.0 0.0 0.0 0.0
CTY_COV 473.0 473.0 473.0 473.0 473.0 473.0 473.0 473.0 473.0 473.0 473.0 473.0 473.0 473.0 473.0
CTY_CPT 5780.0 5780.0 5780.0 5780.0 5780.0 5780.0 3532.15589564 3486.15546084 3486.15546084 3486.15546084 630.054922342 630.054922342 630.054922342 630.054922342 630.054922342
CTY_DOW 11903.0054767 11903.0054767 11903.0054767 11903.0054767 11903.0054767 11903.0054767 11903.0054767 11903.0054767 11903.0054767 11903.0054767 7766.41744156 7766.41744156 7766.41744156 7766.41744156 7766.41744156
CTY_ELM 2784.0 2784.0 2784.0 2784.0 2784.0 2784.0 2784.0 2784.0 2784.0 2784.0 2281.68469069 2162.293391 2784.0 2162.293391 2162.293391
CTY_ELS 0.0 0.0 0.0 0.0 0.0 0.0 0.0 0.0 0.0 0.0 0.0 0.0 0.0 0.0 0.0
CTY_GDL 3856.0 13842.9813688 1741.93891245 0.0 13786.7982687 8254.83421085 12083.3379413 0.0 0.0 0.0 0.0 304.384119446 0.0 0.0 0.0
CTY_GDR 4519.58413529 4519.58413529 4519.58413529 4519.58413529 4519.58413529 4519.58413529 2887.04569813 2244.58413529 2244.58413529 2244.58413529 824.124409838 662.575149378 2175.45320011 662.575149378 662.575149378
CTY_HUP 3853.0 3853.0 3853.0 3853.0 3853.0 3853.0 3853.0 3853.0 3853.0 3853.0 2761.20426361 2761.20426361 2761.20426361 2761.20426361 2761.20426361
CTY_IND 63.2710451096 5.99083126951 63.7859945803 57.8731385817 69.9063204962 69.9063204962 6.45641105904 41.1054506508 33.7974431258 69.9063204962 0.0 0.0 0.0 0.0 0.0
CTY_ING 4450.0 4450.0 4450.0 4450.0 4450.0 4450.0 4450.0 4450.0 4450.0 4450.0 4450.0 4450.0 4450.0 4450.0 4450.0
CTY_IRW 0.0 0.0 0.0 0.0 0.0 0.0 0.0 0.0 0.0 0.0 0.0 0.0 0.0 0.0 0.0
CTY_LAV 1330.0 1330.0 1330.0 1330.0 1330.0 1330.0 1131.25537844 0.0 0.0 0.0 0.0 0.0 0.0 0.0 0.0
CTY_LAX 148435.448558 137621.345577 142088.105908 143741.0 129240.357056 132096.295081 126899.717328 18360.864398 61919.9015661 0.0 0.0 0.0 3825.09269741 0.0 0.0
CTY_LBH 32692.0 32692.0 32692.0 32692.0 32692.0 32692.0 31521.2270409 15179.8592613 15179.8592613 15179.8592613 0.0 0.0 0.0 0.0 0.0
CTY_LKW 6205.61221261 6205.61221261 6205.61221261 6205.61221261 6205.61221261 6205.61221261 6205.61221261 6205.61221261 6205.61221261 6205.61221261 4035.17052349 4035.17052349 4035.17052349 4035.17052349 4035.17052349
CTY_LOM 1352.0 1352.0 1352.0 1352.0 1352.0 1352.0 1352.0 1352.0 1352.0 1352.0 1330.8047244 1330.8047244 1330.8047244 1330.8047244 1330.8047244
CTY_LYN 5337.0 5337.0 5337.0 5337.0 5337.0 5337.0 4818.17893408 4818.17893408 4818.17893408 4818.17893408 2790.36822044 2790.36822044 2790.36822044 2790.36822044 2790.36822044
CTY_MBC 1131.0 1131.0 1131.0 1131.0 1131.0 1131.0 380.549379164 0.0 0.0 0.0 0.0 0.0 0.0 0.0 0.0
CTY_MON 4359.07013126 4359.07013126 4359.07013126 4359.07013126 4359.07013126 4359.07013126 4359.07013126 4359.07013126 4359.07013126 4359.07013126 3102.8557104 2940.68325861 4286.4471519 2940.68325861 2940.68325861
CTY_MTP 6157.03608972 6157.03608972 6157.03608972 6157.03608972 6157.03608972 6157.03608972 6157.03608972 6157.03608972 6157.03608972 6157.03608972 4071.4867286 4071.4867286 4071.4867286 4071.4867286 4071.4867286
CTY_NOR 1494.49993798 1494.49993798 1494.49993798 1494.49993798 1494.49993798 1494.49993798 1394.49993798 1394.49993798 1394.49993798 1394.49993798 787.819823324 787.819823324 787.819823324 787.819823324 787.819823324
CTY_PAR 5883.0 5883.0 5883.0 5883.0 5883.0 5883.0 2761.68950959 2761.68950959 2761.68950959 2761.68950959 624.132868243 624.132868243 624.132868243 624.132868243 624.132868243
CTY_PAS 12807.0 12807.0 12807.0 12807.0 12807.0 12807.0 10106.9013442 1303.30868718 1377.91795827 0.0 0.0 0.0 0.0 0.0 0.0
CTY_PCR 4312.23406029 4312.23406029 4312.23406029 4312.23406029 4312.23406029 4312.23406029 4312.23406029 4312.23406029 4312.23406029 4312.23406029 2869.78501984 2869.78501984 2869.78501984 2869.78501984 2869.78501984
CTY_PNM 14854.0 14854.0 14854.0 14854.0 14854.0 12214.7430449 9947.09073937 8652.74304486 8652.74304486 8652.74304486 8652.74304486 8652.74304486 8652.74304486 8652.74304486 8652.74304486
CTY_SFE 2115.55144238 2115.55144238 0.0 0.0 0.0 0.0 0.0 0.0 0.0 0.0 141.432264095 0.0 0.0 0.0 0.0
CTY_SFS 3343.27277225 3343.27277225 3343.27277225 3343.27277225 3343.27277225 3343.27277225 680.931068126 0.0 0.0 0.0 0.0 0.0 0.0 0.0 0.0
CTY_SGT 11126.6717986 11126.6717986 11126.6717986 11126.6717986 11126.6717986 11126.6717986 11126.6717986 11126.6717986 11126.6717986 11126.6717986 7451.99108105 7451.99108105 7451.99108105 7451.99108105 7451.99108105
CTY_SIE 1406.29738641 1406.29738641 1406.29738641 1406.29738641 1406.29738641 1406.29738641 1406.29738641 1406.29738641 1406.29738641 1406.29738641 962.585541122 900.259986927 1377.64466805 900.259986927 900.259986927
CTY_SIG 967.44726958 967.44726958 967.44726958 967.44726958 967.44726958 967.44726958 867.44726958 867.44726958 867.44726958 867.44726958 528.807645212 528.807645212 528.807645212 528.807645212 528.807645212
CTY_SMC 11239.8720539 11331.8720539 10917.8720539 11239.8720539 11193.8720539 11147.8720539 1865.09216876 0.0 0.0 0.0 0.0 0.0 0.0 0.0 0.0
CTY_SMR 0.0 0.0 0.0 0.0 0.0 0.0 0.0 0.0 0.0 0.0 0.0 0.0 0.0 0.0 0.0
CTY_SPA 3547.50225444 3547.50225444 3547.50225444 3547.50225444 3547.50225444 3547.50225444 3547.50225444 3547.50225444 3547.50225444 3547.50225444 2567.44079498 2433.09869311 3386.26930777 2433.09869311 2433.09869311
CTY_TOR 2519.0 2519.0 2519.0 2519.0 2519.0 2519.0 2519.0 0.0 0.0 0.0 0.0 0.0 0.0 0.0 0.0
CTY_VER 6370.8360652 6370.8360652 6370.8360652 6370.8360652 6370.8360652 6370.8360652 4270.8360652 4270.8360652 4270.8360652 4270.8360652 2455.89310605 2455.89310605 2455.89310605 2455.89310605 2455.89310605
CTY_WHT 4318.06072119 4318.06072119 4318.06072119 4318.06072119 4318.06072119 4318.06072119 4318.06072119 4318.06072119 4318.06072119 4318.06072119 2782.43946159 2782.43946159 2782.43946159 2782.43946159 2782.43946159
CWD_CRE 3010.31839319 3010.31839319 478.318393192 0.0 0.0 0.0 0.0 0.0 0.0 0.0 0.0 0.0 0.0 0.0 0.0
CWD_LA1 0.0 0.0 0.0 0.0 0.0 0.0 0.0 0.0 0.0 0.0 0.0 0.0 0.0 0.0 0.0
CWD_LA2 0.0 0.0 0.0 0.0 0.0 0.0 0.0 0.0 0.0 0.0 0.0 0.0 0.0 0.0 0.0
CWD_LA3 0.0 0.0 0.0 0.0 0.0 0.0 0.0 0.0 0.0 0.0 0.0 0.0 0.0 0.0 0.0
CWD_LAH 467.652206837 467.652206837 467.652206837 467.652206837 467.652206837 467.652206837 207.652206837 207.652206837 207.652206837 207.652206837 43.9579439683 43.9579439683 43.9579439683 43.9579439683 43.9579439683
CWD_LAP 755.269291793 755.269291793 755.269291793 755.269291793 755.269291793 755.269291793 755.269291793 755.269291793 755.269291793 755.269291793 517.895768311 490.899214672 743.716796941 490.899214672 490.899214672
CWD_ORC 1254.0 1254.0 1254.0 1254.0 1254.0 1254.0 1254.0 1254.0 1254.0 1254.0 1254.0 1254.0 1254.0 1254.0 1254.0
CWD_PIC 2695.49171787 2695.49171787 2695.49171787 2695.49171787 2695.49171787 2695.49171787 2695.49171787 2695.49171787 2695.49171787 2695.49171787 1793.24369113 1793.24369113 1793.24369113 1793.24369113 1793.24369113
CWD_ROW 306.0 306.0 306.0 306.0 306.0 306.0 0.0 0.0 0.0 0.0 0.0 0.0 0.0 0.0 0.0
CWD_SAV 474.0 474.0 474.0 474.0 474.0 474.0 474.0 474.0 474.0 474.0 388.894924367 388.894924367 388.894924367 388.894924367 388.894924367
CWD_SGB 5229.99048031 5229.99048031 5229.99048031 5229.99048031 5229.99048031 5229.99048031 5229.99048031 5229.99048031 5229.99048031 5229.99048031 3721.66971791 3527.15868142 4653.33893866 3527.15868142 3527.15868142
CWD_VAL 5959.0 5959.0 5959.0 5959.0 5959.0 5959.0 5959.0 5959.0 5959.0 5959.0 4367.09690242 4367.09690242 4367.09690242 4367.09690242 4367.09690242
CWD_WVA 306.0 306.0 306.0 306.0 306.0 306.0 0.0 0.0 0.0 0.0 0.0 0.0 0.0 0.0 0.0
GWB_CEN 0.0 0.0 0.0 0.0 0.0 0.0 0.0 0.0 0.0 0.0 0.0 0.0 0.0 0.0 0.0
GWB_CHI 0.0 0.0 0.0 0.0 0.0 0.0 0.0 0.0 0.0 0.0 0.0 0.0 0.0 0.0 0.0
GWB_HOL 0.0 0.0 0.0 0.0 0.0 0.0 0.0 0.0 0.0 0.0 0.0 0.0 0.0 0.0 0.0
GWB_MSG 3788.0 3788.0 3788.0 3788.0 3788.0 3788.0 4400.0 4400.0 4400.0 4400.0 4400.0 4400.0 4400.0 4400.0 4400.0
GWB_PUE 0.0 0.0 0.0 0.0 0.0 0.0 0.0 0.0 0.0 0.0 0.0 0.0 0.0 0.0 0.0
GWB_RAY 0.0 0.0 0.0 0.0 0.0 0.0 0.0 0.0 0.0 0.0 0.0 0.0 0.0 0.0 0.0
GWB_SFE 0.0 0.0 0.0 0.0 0.0 0.0 0.0 0.0 0.0 0.0 0.0 0.0 0.0 0.0 0.0
GWB_SIX 0.0 0.0 0.0 0.0 0.0 0.0 0.0 0.0 0.0 0.0 0.0 0.0 0.0 0.0 0.0
GWB_SMC 0.0 0.0 0.0 0.0 0.0 0.0 0.0 0.0 0.0 0.0 0.0 0.0 0.0 0.0 0.0
GWB_SPA 0.0 0.0 0.0 0.0 0.0 0.0 0.0 0.0 0.0 0.0 0.0 0.0 0.0 0.0 0.0
GWB_SYL 0.0 0.0 0.0 0.0 0.0 0.0 0.0 0.0 0.0 0.0 0.0 0.0 0.0 0.0 0.0
GWB_VER 0.0 0.0 0.0 0.0 0.0 0.0 0.0 0.0 0.0 0.0 0.0 0.0 0.0 0.0 0.0
GWB_WCS 0.0 0.0 0.0 0.0 0.0 0.0 0.0 0.0 0.0 0.0 0.0 0.0 0.0 0.0 0.0
INF_BTD 0.0 0.0 0.0 0.0 0.0 0.0 0.0 0.0 0.0 0.0 0.0 0.0 0.0 0.0 0.0
INF_CAS 0.0 0.0 0.0 0.0 0.0 0.0 0.0 0.0 0.0 0.0 0.0 0.0 0.0 0.0 0.0
INF_COL 0.0 0.0 0.0 0.0 0.0 0.0 0.0 0.0 0.0 0.0 0.0 0.0 0.0 0.0 0.0
INF_CSB 0.0 0.0 0.0 0.0 0.0 0.0 0.0 0.0 0.0 0.0 0.0 0.0 0.0 0.0 0.0
INF_DVR 0.0 0.0 0.0 0.0 0.0 0.0 0.0 0.0 0.0 0.0 0.0 0.0 0.0 0.0 0.0
INF_HAN 0.0 0.0 0.0 0.0 0.0 0.0 0.0 0.0 0.0 0.0 0.0 0.0 0.0 0.0 0.0
INF_LAR 0.0 0.0 0.0 0.0 0.0 0.0 0.0 0.0 0.0 0.0 0.0 0.0 0.0 0.0 0.0
INF_LMR 0.0 0.0 0.0 0.0 0.0 0.0 0.0 0.0 0.0 0.0 0.0 0.0 0.0 0.0 0.0
INF_LOD 0.0 0.0 0.0 0.0 0.0 0.0 0.0 0.0 0.0 0.0 0.0 0.0 0.0 0.0 0.0
INF_LPB 0.0 0.0 0.0 0.0 0.0 0.0 0.0 0.0 0.0 0.0 0.0 0.0 0.0 0.0 0.0
INF_LR2 0.0 0.0 0.0 0.0 0.0 0.0 0.0 0.0 0.0 0.0 0.0 0.0 0.0 0.0 0.0
INF_LR3 0.0 0.0 0.0 0.0 0.0 0.0 0.0 0.0 0.0 0.0 0.0 0.0 0.0 0.0 0.0
INF_LR4 0.0 0.0 0.0 0.0 0.0 0.0 0.0 0.0 0.0 0.0 0.0 0.0 0.0 0.0 0.0
INF_MOR 0.0 0.0 0.0 0.0 0.0 0.0 0.0 0.0 0.0 0.0 0.0 0.0 0.0 0.0 0.0
INF_PCD 0.0 0.0 0.0 0.0 0.0 0.0 0.0 0.0 0.0 0.0 0.0 0.0 0.0 0.0 0.0
INF_PUD 0.0 0.0 0.0 0.0 0.0 0.0 0.0 0.0 0.0 0.0 0.0 0.0 0.0 0.0 0.0
INF_SAD 0.0 0.0 0.0 0.0 0.0 0.0 0.0 0.0 0.0 0.0 0.0 0.0 0.0 0.0 0.0
INF_SFD 0.0 0.0 0.0 0.0 0.0 0.0 0.0 0.0 0.0 0.0 0.0 0.0 0.0 0.0 0.0
INF_SFN 0.0 0.0 0.0 0.0 0.0 0.0 0.0 0.0 0.0 0.0 0.0 0.0 0.0 0.0 0.0
INF_SGD 0.0 0.0 0.0 0.0 0.0 0.0 0.0 0.0 0.0 0.0 0.0 0.0 0.0 0.0 0.0
INF_SND 0.0 0.0 0.0 0.0 0.0 0.0 0.0 0.0 0.0 0.0 0.0 0.0 0.0 0.0 0.0
INF_SPV 0.0 0.0 0.0 0.0 0.0 0.0 0.0 0.0 0.0 0.0 0.0 0.0 0.0 0.0 0.0
INF_SVR 0.0 0.0 0.0 0.0 0.0 0.0 0.0 0.0 0.0 0.0 0.0 0.0 0.0 0.0 0.0
INF_SWP 0.0 0.0 0.0 0.0 0.0 0.0 0.0 0.0 0.0 0.0 0.0 0.0 0.0 0.0 0.0
INF_WHR 0.0 0.0 0.0 0.0 0.0 0.0 0.0 0.0 0.0 0.0 0.0 0.0 0.0 0.0 0.0
INF_WHS 0.0 0.0 0.0 0.0 0.0 0.0 0.0 0.0 0.0 0.0 0.0 0.0 0.0 0.0 0.0
IOU_CAW 7363.9188562 7411.39453892 7363.9188562 7411.39453892 7363.9188562 7402.05135596 3090.82728901 1810.52703868 1814.68237115 1772.39453892 685.750458277 728.038290507 638.274775557 680.562607787 600.142275795
IOU_CWS 18254.0 18254.0 18254.0 18254.0 18254.0 18254.0 5837.40470869 0.0 0.0 0.0 0.0 2179.64073914 2944.10130736 0.0 0.0
IOU_EPS 0.0 0.0 0.0 0.0 0.0 0.0 0.0 0.0 0.0 0.0 0.0 0.0 0.0 0.0 0.0
IOU_GSM 11498.3149264 11219.5780184 10593.9209539 9585.87891101 12047.8605991 11756.8606694 3062.21001658 0.0 0.0 0.0 0.0 0.0 0.0 0.0 0.0
IOU_GSR 0.0 0.0 0.0 0.0 0.0 0.0 0.0 0.0 0.0 0.0 0.0 0.0 0.0 0.0 0.0
IOU_PWC 0.0 0.0 0.0 0.0 0.0 0.0 0.0 0.0 0.0 0.0 0.0 0.0 0.0 0.0 0.0
IOU_SGV 17136.5154753 17244.7105765 17244.7105765 17136.5154753 17136.5154753 17136.5154753 17136.5154753 17231.0050691 17220.0273163 17136.5154753 14009.9722818 14104.4618756 14093.4841229 14009.9722818 14187.9737167
IOU_SWS 23822.7601327 23822.7601327 23822.7601327 23822.7601327 24630.418073 24079.1442085 16431.6287095 13747.7601327 14124.7720032 14555.418073 10591.7594729 10729.9423233 12718.7720032 10461.704793 10461.704793
IRR_KIN 85.6219560474 85.6219560474 85.6219560474 85.6219560474 85.6219560474 85.6219560474 85.6219560474 85.6219560474 85.6219560474 85.6219560474 85.6219560474 85.6219560474 85.6219560474 85.6219560474 85.6219560474
IRR_LAC 100.0 100.0 100.0 100.0 100.0 100.0 100.0 0.0 0.0 0.0 0.0 0.0 0.0 0.0 0.0
IRR_SMT 692.915664215 692.915664215 692.915664215 692.915664215 692.915664215 692.915664215 692.915664215 692.915664215 692.915664215 692.915664215 450.371488809 450.371488809 450.371488809 450.371488809 450.371488809
MWC_180 0.0 0.0 0.0 0.0 0.0 0.0 0.0 0.0 0.0 0.0 0.0 0.0 0.0 0.0 0.0
MWC_349 0.0 0.0 0.0 0.0 0.0 0.0 0.0 0.0 0.0 0.0 0.0 0.0 0.0 0.0 0.0
MWC_ADR 0.0 0.0 0.0 0.0 0.0 0.0 0.0 0.0 0.0 0.0 0.0 0.0 0.0 0.0 0.0
MWC_AMA 0.0 0.0 0.0 0.0 0.0 0.0 0.0 0.0 0.0 0.0 0.0 0.0 0.0 0.0 0.0
MWC_BLS 3943.15909419 3943.15909419 3943.15909419 3943.15909419 3943.15909419 3943.15909419 1593.15909419 1593.15909419 1593.15909419 1593.15909419 169.864376663 169.864376663 169.864376663 169.864376663 169.864376663
MWC_CDM 0.0 0.0 0.0 0.0 0.0 0.0 0.0 0.0 0.0 0.0 0.0 0.0 0.0 0.0 0.0
MWC_COV 0.0 0.0 0.0 0.0 0.0 0.0 0.0 0.0 0.0 0.0 0.0 0.0 0.0 0.0 0.0
MWC_DEL 0.0 0.0 0.0 0.0 0.0 0.0 0.0 0.0 0.0 0.0 0.0 0.0 0.0 0.0 0.0
MWC_HEM 0.0 0.0 0.0 0.0 0.0 0.0 0.0 0.0 0.0 0.0 0.0 0.0 0.0 0.0 0.0
MWC_LAV 567.0 567.0 567.0 567.0 567.0 567.0 567.0 567.0 567.0 567.0 567.0 567.0 567.0 567.0 567.0
MWC_LFL 0.0 0.0 0.0 0.0 0.0 0.0 0.0 0.0 0.0 0.0 0.0 0.0 0.0 0.0 0.0
MWC_LYN 0.0 0.0 0.0 0.0 0.0 0.0 0.0 0.0 0.0 0.0 0.0 0.0 0.0 0.0 0.0
MWC_MA1 313.947172174 313.947172174 313.947172174 313.947172174 313.947172174 313.947172174 313.947172174 313.947172174 313.947172174 313.947172174 313.947172174 313.947172174 313.947172174 313.947172174 313.947172174
MWC_MA2 0.0 0.0 0.0 0.0 0.0 0.0 0.0 0.0 0.0 0.0 0.0 0.0 0.0 0.0 0.0
MWC_MA3 0.0 0.0 0.0 0.0 0.0 0.0 0.0 0.0 0.0 0.0 0.0 0.0 0.0 0.0 0.0
MWC_MCR 0.0 0.0 0.0 0.0 0.0 0.0 0.0 0.0 0.0 0.0 0.0 0.0 0.0 0.0 0.0
MWC_MON 1694.0 1694.0 1694.0 1694.0 1694.0 1694.0 1694.0 1694.0 1694.0 1694.0 1694.0 1694.0 1694.0 1694.0 1694.0
MWC_RUB 843.091302466 843.091302466 843.091302466 843.091302466 843.091302466 843.091302466 583.402450813 113.091302466 113.091302466 113.091302466 0.0 0.0 0.0 0.0 0.0
MWC_RUR 0.0 0.0 0.0 0.0 0.0 0.0 0.0 0.0 0.0 0.0 0.0 0.0 0.0 0.0 0.0
MWC_SSL 460.319568729 460.319568729 460.319568729 460.319568729 460.319568729 460.319568729 460.319568729 460.319568729 460.319568729 460.319568729 0.0 0.0 419.199403623 0.0 0.0
MWC_STG 0.0 0.0 0.0 0.0 0.0 0.0 0.0 0.0 0.0 0.0 0.0 0.0 0.0 0.0 0.0
MWC_VHT 0.0 0.0 0.0 0.0 0.0 0.0 0.0 0.0 0.0 0.0 0.0 0.0 0.0 0.0 0.0
MWC_VVW 0.0 0.0 0.0 0.0 0.0 0.0 0.0 0.0 0.0 0.0 0.0 0.0 0.0 0.0 0.0
MWC_VWC 0.0 0.0 0.0 0.0 0.0 0.0 0.0 0.0 0.0 0.0 0.0 0.0 0.0 0.0 0.0
MWC_WPK 0.0 0.0 0.0 0.0 0.0 0.0 0.0 0.0 0.0 0.0 0.0 0.0 0.0 0.0 0.0
MWD_CBR 0.0 0.0 0.0 0.0 0.0 0.0 0.0 0.0 0.0 0.0 0.0 0.0 0.0 0.0 0.0
MWD_CBS 0.0 0.0 0.0 0.0 0.0 0.0 0.0 0.0 0.0 0.0 0.0 0.0 0.0 0.0 0.0
MWD_FTH 0.0 0.0 0.0 0.0 0.0 0.0 0.0 0.0 0.0 0.0 0.0 0.0 0.0 0.0 0.0
MWD_FTR 0.0 0.0 0.0 0.0 0.0 0.0 0.0 0.0 0.0 0.0 0.0 0.0 0.0 0.0 0.0
MWD_LVI 0.0 0.0 0.0 0.0 0.0 0.0 0.0 0.0 0.0 0.0 0.0 0.0 0.0 0.0 0.0
MWD_LVR 0.0 0.0 0.0 0.0 0.0 0.0 0.0 0.0 0.0 0.0 0.0 0.0 0.0 0.0 0.0
MWD_MET 0.0 0.0 0.0 0.0 0.0 0.0 0.0 0.0 0.0 0.0 0.0 0.0 0.0 0.0 0.0
MWD_SGR 0.0 0.0 0.0 0.0 0.0 0.0 0.0 0.0 0.0 0.0 0.0 0.0 0.0 0.0 0.0
MWD_SGV 0.0 0.0 0.0 0.0 0.0 0.0 0.0 0.0 0.0 0.0 0.0 0.0 0.0 0.0 0.0
MWD_THR 0.0 0.0 0.0 0.0 0.0 0.0 0.0 0.0 0.0 0.0 0.0 0.0 0.0 0.0 0.0
MWD_THV 0.0 0.0 0.0 0.0 0.0 0.0 0.0 0.0 0.0 0.0 0.0 0.0 0.0 0.0 0.0
MWD_USG 0.0 0.0 0.0 0.0 0.0 0.0 0.0 0.0 0.0 0.0 0.0 0.0 0.0 0.0 0.0
MWD_USR 0.0 0.0 0.0 0.0 0.0 0.0 0.0 0.0 0.0 0.0 0.0 0.0 0.0 0.0 0.0
MWD_WCB 0.0 0.0 0.0 0.0 0.0 0.0 0.0 0.0 0.0 0.0 0.0 0.0 0.0 0.0 0.0
MWD_WCD 0.0 0.0 0.0 0.0 0.0 0.0 0.0 0.0 0.0 0.0 0.0 0.0 0.0 0.0 0.0
MWD_WCP 0.0 0.0 0.0 0.0 0.0 0.0 0.0 0.0 0.0 0.0 0.0 0.0 0.0 0.0 0.0
MWD_WCR 0.0 0.0 0.0 0.0 0.0 0.0 0.0 0.0 0.0 0.0 0.0 0.0 0.0 0.0 0.0
MWD_WRD 0.0 0.0 0.0 0.0 0.0 0.0 0.0 0.0 0.0 0.0 0.0 0.0 0.0 0.0 0.0
MWS_BHG 0.0 0.0 0.0 0.0 0.0 0.0 0.0 0.0 0.0 0.0 0.0 0.0 0.0 0.0 0.0
PRK_FBP 0.0 0.0 0.0 0.0 0.0 0.0 0.0 0.0 0.0 0.0 0.0 0.0 0.0 0.0 0.0
PRV_CEN 1406.0 1406.0 1406.0 1406.0 1406.0 1406.0 1406.0 1406.0 1406.0 1406.0 1406.0 1406.0 1406.0 1406.0 1406.0
PRV_COC 66.0 66.0 66.0 66.0 66.0 66.0 66.0 66.0 66.0 66.0 66.0 66.0 66.0 66.0 66.0
PRV_MOC 168.0 168.0 168.0 168.0 168.0 168.0 168.0 168.0 168.0 168.0 168.0 168.0 168.0 168.0 168.0
PRV_MSG 13355.0 13355.0 13355.0 13355.0 13355.0 13355.0 13355.0 13355.0 13355.0 13355.0 13355.0 13355.0 13355.0 13355.0 13355.0
PRV_RAY 463.0 463.0 463.0 463.0 463.0 463.0 463.0 463.0 463.0 463.0 463.0 463.0 463.0 463.0 463.0
PRV_SGR 0.0 0.0 0.0 0.0 0.0 0.0 0.0 0.0 0.0 0.0 0.0 0.0 0.0 0.0 0.0
PRV_SIX 0.0 0.0 0.0 0.0 0.0 0.0 0.0 0.0 0.0 0.0 0.0 0.0 0.0 0.0 0.0
PRV_WCS 5327.0 5327.0 5327.0 5327.0 5327.0 5327.0 5327.0 5327.0 5327.0 5327.0 5327.0 5327.0 5327.0 5327.0 5327.0
PRV_WMI 0.0 0.0 0.0 0.0 0.0 0.0 0.0 0.0 0.0 0.0 0.0 0.0 0.0 0.0 0.0
PRV_WOC 8113.0 8113.0 8113.0 8113.0 8113.0 8113.0 8113.0 8113.0 8113.0 8113.0 8113.0 3713.64292498 4434.02801519 6344.78205128 8113.0
SPG_ANI 0.0 0.0 0.0 0.0 0.0 0.0 0.0 0.0 0.0 0.0 0.0 0.0 0.0 0.0 0.0
SPG_BDS 0.0 0.0 0.0 0.0 0.0 0.0 0.0 0.0 0.0 0.0 0.0 0.0 0.0 0.0 0.0
SPG_BEN 0.0 0.0 0.0 0.0 0.0 0.0 0.0 0.0 0.0 0.0 0.0 0.0 0.0 0.0 0.0
SPG_BRF 0.0 0.0 0.0 0.0 0.0 0.0 0.0 0.0 0.0 0.0 0.0 0.0 0.0 0.0 0.0
SPG_BRW 0.0 0.0 0.0 0.0 0.0 0.0 0.0 0.0 0.0 0.0 0.0 0.0 0.0 0.0 0.0
SPG_BUL 0.0 0.0 0.0 0.0 0.0 0.0 0.0 0.0 0.0 0.0 0.0 0.0 0.0 0.0 0.0
SPG_BVS 0.0 0.0 0.0 0.0 0.0 0.0 0.0 0.0 0.0 0.0 0.0 0.0 0.0 0.0 0.0
SPG_CIT 0.0 0.0 0.0 0.0 0.0 0.0 0.0 0.0 0.0 0.0 0.0 0.0 0.0 0.0 0.0
SPG_DOM 0.0 0.0 0.0 0.0 0.0 0.0 0.0 0.0 0.0 0.0 0.0 0.0 0.0 0.0 0.0
SPG_EAB 0.0 0.0 0.0 0.0 0.0 0.0 0.0 0.0 0.0 0.0 0.0 0.0 0.0 0.0 0.0
SPG_ESG 0.0 0.0 0.0 0.0 0.0 0.0 0.0 0.0 0.0 0.0 0.0 0.0 0.0 0.0 0.0
SPG_FOR 0.0 0.0 0.0 0.0 0.0 0.0 0.0 0.0 0.0 0.0 0.0 0.0 0.0 0.0 0.0
SPG_HS2 0.0 0.0 0.0 0.0 0.0 0.0 0.0 0.0 0.0 0.0 0.0 0.0 0.0 0.0 0.0
SPG_HSG 0.0 0.0 0.0 0.0 0.0 0.0 0.0 0.0 0.0 0.0 0.0 0.0 0.0 0.0 0.0
SPG_IRW 0.0 0.0 0.0 0.0 0.0 0.0 0.0 0.0 0.0 0.0 0.0 0.0 0.0 0.0 0.0
SPG_LAR 0.0 0.0 0.0 0.0 0.0 0.0 0.0 0.0 0.0 0.0 0.0 0.0 0.0 0.0 0.0
SPG_LIT 0.0 0.0 0.0 0.0 0.0 0.0 0.0 0.0 0.0 0.0 0.0 0.0 0.0 0.0 0.0
SPG_LOP 0.0 0.0 0.0 0.0 0.0 0.0 0.0 0.0 0.0 0.0 0.0 0.0 0.0 0.0 0.0
SPG_LOS 0.0 0.0 0.0 0.0 0.0 0.0 0.0 0.0 0.0 0.0 0.0 0.0 0.0 0.0 0.0
SPG_MIL 0.0 0.0 0.0 0.0 0.0 0.0 0.0 0.0 0.0 0.0 0.0 0.0 0.0 0.0 0.0
SPG_PC2 0.0 0.0 0.0 0.0 0.0 0.0 0.0 0.0 0.0 0.0 0.0 0.0 0.0 0.0 0.0
SPG_PCS 0.0 0.0 0.0 0.0 0.0 0.0 0.0 0.0 0.0 0.0 0.0 0.0 0.0 0.0 0.0
SPG_PEC 0.0 0.0 0.0 0.0 0.0 0.0 0.0 0.0 0.0 0.0 0.0 0.0 0.0 0.0 0.0
SPG_RS2 0.0 0.0 0.0 0.0 0.0 0.0 0.0 0.0 0.0 0.0 0.0 0.0 0.0 0.0 0.0
SPG_RSF 0.0 0.0 0.0 0.0 0.0 0.0 0.0 0.0 0.0 0.0 0.0 0.0 0.0 0.0 0.0
SPG_SAW 0.0 0.0 0.0 0.0 0.0 0.0 0.0 0.0 0.0 0.0 0.0 0.0 0.0 0.0 0.0
SPG_SFG 0.0 0.0 0.0 0.0 0.0 0.0 0.0 0.0 0.0 0.0 0.0 0.0 0.0 0.0 0.0
SPG_SG2 0.0 0.0 0.0 0.0 0.0 0.0 0.0 0.0 0.0 0.0 0.0 0.0 0.0 0.0 0.0
SPG_SGC 0.0 0.0 0.0 0.0 0.0 0.0 0.0 0.0 0.0 0.0 0.0 0.0 0.0 0.0 0.0
SPG_SGY 0.0 0.0 0.0 0.0 0.0 0.0 0.0 0.0 0.0 0.0 0.0 0.0 0.0 0.0 0.0
SPG_SMD 0.0 0.0 0.0 0.0 0.0 0.0 0.0 0.0 0.0 0.0 0.0 0.0 0.0 0.0 0.0
SPG_SND 0.0 0.0 0.0 0.0 0.0 0.0 0.0 0.0 0.0 0.0 0.0 0.0 0.0 0.0 0.0
SPG_SPA 0.0 0.0 0.0 0.0 0.0 0.0 0.0 0.0 0.0 0.0 0.0 0.0 0.0 0.0 0.0
SPG_SPV 0.0 0.0 0.0 0.0 0.0 0.0 0.0 0.0 0.0 0.0 0.0 0.0 0.0 0.0 0.0
SPG_TUJ 0.0 0.0 0.0 0.0 0.0 0.0 0.0 0.0 0.0 0.0 0.0 0.0 0.0 0.0 0.0
SPG_WAL 0.0 0.0 0.0 0.0 0.0 0.0 0.0 0.0 0.0 0.0 0.0 0.0 0.0 0.0 0.0
SUR_ASE 0.0 0.0 0.0 0.0 0.0 0.0 0.0 0.0 0.0 0.0 0.0 0.0 0.0 0.0 0.0
SUR_BAL 0.0 0.0 0.0 0.0 0.0 0.0 0.0 0.0 0.0 0.0 0.0 0.0 0.0 0.0 0.0
SUR_BAC 0.0 0.0 0.0 0.0 0.0 0.0 0.0 0.0 0.0 0.0 0.0 0.0 0.0 0.0 0.0
SUR_SDL 0.0 0.0 0.0 0.0 0.0 0.0 0.0 0.0 0.0 0.0 0.0 0.0 0.0 0.0 0.0
SUR_BDU 0.0 0.0 0.0 0.0 0.0 0.0 0.0 0.0 0.0 0.0 0.0 0.0 0.0 0.0 0.0
SUR_BDS 0.0 0.0 0.0 0.0 0.0 0.0 0.0 0.0 0.0 0.0 0.0 0.0 0.0 0.0 0.0
SUR_BTD 0.0 0.0 0.0 0.0 0.0 0.0 0.0 0.0 0.0 0.0 0.0 0.0 0.0 0.0 0.0
SUR_BRF 0.0 0.0 0.0 0.0 0.0 0.0 0.0 0.0 0.0 0.0 0.0 0.0 0.0 0.0 0.0
SUR_BVS 0.0 0.0 0.0 0.0 0.0 0.0 0.0 0.0 0.0 0.0 0.0 0.0 0.0 0.0 0.0
SUR_BDM 0.0 0.0 0.0 0.0 0.0 0.0 0.0 0.0 0.0 0.0 0.0 0.0 0.0 0.0 0.0
SUR_COY 0.0 0.0 0.0 0.0 0.0 0.0 0.0 0.0 0.0 0.0 0.0 0.0 0.0 0.0 0.0
SUR_DOM 0.0 0.0 0.0 0.0 0.0 0.0 0.0 0.0 0.0 0.0 0.0 0.0 0.0 0.0 0.0
SUR_EAB 0.0 0.0 0.0 0.0 0.0 0.0 0.0 0.0 0.0 0.0 0.0 0.0 0.0 0.0 0.0
SUR_EAT 0.0 0.0 0.0 0.0 0.0 0.0 0.0 0.0 0.0 0.0 0.0 0.0 0.0 0.0 0.0
SUR_SDM 0.0 0.0 0.0 0.0 0.0 0.0 0.0 0.0 0.0 0.0 0.0 0.0 0.0 0.0 0.0
SUR_HAN 0.0 0.0 0.0 0.0 0.0 0.0 0.0 0.0 0.0 0.0 0.0 0.0 0.0 0.0 0.0
SUR_BDL 0.0 0.0 0.0 0.0 0.0 0.0 0.0 0.0 0.0 0.0 0.0 0.0 0.0 0.0 0.0
SUR_LIT 0.0 0.0 0.0 0.0 0.0 0.0 0.0 0.0 0.0 0.0 0.0 0.0 0.0 0.0 0.0
SUR_LOS 0.0 0.0 0.0 0.0 0.0 0.0 0.0 0.0 0.0 0.0 0.0 0.0 0.0 0.0 0.0
SUR_PCU 0.0 0.0 0.0 0.0 0.0 0.0 0.0 0.0 0.0 0.0 0.0 0.0 0.0 0.0 0.0
SUR_LAL 0.0 0.0 0.0 0.0 0.0 0.0 0.0 0.0 0.0 0.0 0.0 0.0 0.0 0.0 0.0
SUR_SGL 0.0 0.0 0.0 0.0 0.0 0.0 0.0 0.0 0.0 0.0 0.0 0.0 0.0 0.0 0.0
SUR_MAL 0.0 0.0 0.0 0.0 0.0 0.0 0.0 0.0 0.0 0.0 0.0 0.0 0.0 0.0 0.0
SUR_MAC 0.0 0.0 0.0 0.0 0.0 0.0 0.0 0.0 0.0 0.0 0.0 0.0 0.0 0.0 0.0
SUR_MOR 0.0 0.0 0.0 0.0 0.0 0.0 0.0 0.0 0.0 0.0 0.0 0.0 0.0 0.0 0.0
SUR_PCD 0.0 0.0 0.0 0.0 0.0 0.0 0.0 0.0 0.0 0.0 0.0 0.0 0.0 0.0 0.0
SUR_PCL 0.0 0.0 0.0 0.0 0.0 0.0 0.0 0.0 0.0 0.0 0.0 0.0 0.0 0.0 0.0
SUR_SAL 0.0 0.0 0.0 0.0 0.0 0.0 0.0 0.0 0.0 0.0 0.0 0.0 0.0 0.0 0.0
SUR_PUD 0.0 0.0 0.0 0.0 0.0 0.0 0.0 0.0 0.0 0.0 0.0 0.0 0.0 0.0 0.0
SUR_RHU 0.0 0.0 0.0 0.0 0.0 0.0 0.0 0.0 0.0 0.0 0.0 0.0 0.0 0.0 0.0
SUR_SND 0.0 0.0 0.0 0.0 0.0 0.0 0.0 0.0 0.0 0.0 0.0 0.0 0.0 0.0 0.0
SUR_SDU 0.0 0.0 0.0 0.0 0.0 0.0 0.0 0.0 0.0 0.0 0.0 0.0 0.0 0.0 0.0
SUR_SGD 0.0 0.0 0.0 0.0 0.0 0.0 0.0 0.0 0.0 0.0 0.0 0.0 0.0 0.0 0.0
SUR_SGU 0.0 0.0 0.0 0.0 0.0 0.0 0.0 0.0 0.0 0.0 0.0 0.0 0.0 0.0 0.0
SUR_SGC 0.0 0.0 0.0 0.0 0.0 0.0 0.0 0.0 0.0 0.0 0.0 0.0 0.0 0.0 0.0
SUR_SGP 0.0 0.0 0.0 0.0 0.0 0.0 0.0 0.0 0.0 0.0 0.0 0.0 0.0 0.0 0.0
SUR_SJC 0.0 0.0 0.0 0.0 0.0 0.0 0.0 0.0 0.0 0.0 0.0 0.0 0.0 0.0 0.0
SUR_SAC 0.0 0.0 0.0 0.0 0.0 0.0 0.0 0.0 0.0 0.0 0.0 0.0 0.0 0.0 0.0
SUR_SAU 0.0 0.0 0.0 0.0 0.0 0.0 0.0 0.0 0.0 0.0 0.0 0.0 0.0 0.0 0.0
SUR_SAW 0.0 0.0 0.0 0.0 0.0 0.0 0.0 0.0 0.0 0.0 0.0 0.0 0.0 0.0 0.0
SUR_SMD 0.0 0.0 0.0 0.0 0.0 0.0 0.0 0.0 0.0 0.0 0.0 0.0 0.0 0.0 0.0
SUR_SPV 0.0 0.0 0.0 0.0 0.0 0.0 0.0 0.0 0.0 0.0 0.0 0.0 0.0 0.0 0.0
SUR_THM 0.0 0.0 0.0 0.0 0.0 0.0 0.0 0.0 0.0 0.0 0.0 0.0 0.0 0.0 0.0
SUR_LAU 0.0 0.0 0.0 0.0 0.0 0.0 0.0 0.0 0.0 0.0 0.0 0.0 0.0 0.0 0.0
SUR_VER 0.0 0.0 0.0 0.0 0.0 0.0 0.0 0.0 0.0 0.0 0.0 0.0 0.0 0.0 0.0
SUR_WLL 0.0 0.0 0.0 0.0 0.0 0.0 0.0 0.0 0.0 0.0 0.0 0.0 0.0 0.0 0.0
SUR_WLU 0.0 0.0 0.0 0.0 0.0 0.0 0.0 0.0 0.0 0.0 0.0 0.0 0.0 0.0 0.0
SUR_ALH 0.0 0.0 0.0 0.0 0.0 0.0 0.0 0.0 0.0 0.0 0.0 0.0 0.0 0.0 0.0
SUR_ARC 0.0 0.0 0.0 0.0 0.0 0.0 0.0 0.0 0.0 0.0 0.0 0.0 0.0 0.0 0.0
SUR_CMP 0.0 0.0 0.0 0.0 0.0 0.0 0.0 0.0 0.0 0.0 0.0 0.0 0.0 0.0 0.0
SUR_COV 0.0 0.0 0.0 0.0 0.0 0.0 0.0 0.0 0.0 0.0 0.0 0.0 0.0 0.0 0.0
SUR_EVP 0.0 0.0 0.0 0.0 0.0 0.0 0.0 0.0 0.0 0.0 0.0 0.0 0.0 0.0 0.0
SUR_FSH 0.0 0.0 0.0 0.0 0.0 0.0 0.0 0.0 0.0 0.0 0.0 0.0 0.0 0.0 0.0
SUR_LAC 0.0 0.0 0.0 0.0 0.0 0.0 0.0 0.0 0.0 0.0 0.0 0.0 0.0 0.0 0.0
SUR_MIL 0.0 0.0 0.0 0.0 0.0 0.0 0.0 0.0 0.0 0.0 0.0 0.0 0.0 0.0 0.0
SUR_MON 0.0 0.0 0.0 0.0 0.0 0.0 0.0 0.0 0.0 0.0 0.0 0.0 0.0 0.0 0.0
SUR_MTB 0.0 0.0 0.0 0.0 0.0 0.0 0.0 0.0 0.0 0.0 0.0 0.0 0.0 0.0 0.0
SUR_OWN 0.0 0.0 0.0 0.0 0.0 0.0 0.0 0.0 0.0 0.0 0.0 0.0 0.0 0.0 0.0
SUR_OWL 0.0 0.0 0.0 0.0 0.0 0.0 0.0 0.0 0.0 0.0 0.0 0.0 0.0 0.0 0.0
SUR_PAC 0.0 0.0 0.0 0.0 0.0 0.0 0.0 0.0 0.0 0.0 0.0 0.0 0.0 0.0 0.0
SUR_PCM 0.0 0.0 0.0 0.0 0.0 0.0 0.0 0.0 0.0 0.0 0.0 0.0 0.0 0.0 0.0
SUR_R01 0.0 0.0 0.0 0.0 0.0 0.0 0.0 0.0 0.0 0.0 0.0 0.0 0.0 0.0 0.0
SUR_RCN 0.0 0.0 0.0 0.0 0.0 0.0 0.0 0.0 0.0 0.0 0.0 0.0 0.0 0.0 0.0
SUR_RHL 0.0 0.0 0.0 0.0 0.0 0.0 0.0 0.0 0.0 0.0 0.0 0.0 0.0 0.0 0.0
SUR_RUB 0.0 0.0 0.0 0.0 0.0 0.0 0.0 0.0 0.0 0.0 0.0 0.0 0.0 0.0 0.0
SUR_SAE 0.0 0.0 0.0 0.0 0.0 0.0 0.0 0.0 0.0 0.0 0.0 0.0 0.0 0.0 0.0
SUR_SGM 0.0 0.0 0.0 0.0 0.0 0.0 0.0 0.0 0.0 0.0 0.0 0.0 0.0 0.0 0.0
SUR_SGO 0.0 0.0 0.0 0.0 0.0 0.0 0.0 0.0 0.0 0.0 0.0 0.0 0.0 0.0 0.0
SUR_TUJ 0.0 0.0 0.0 0.0 0.0 0.0 0.0 0.0 0.0 0.0 0.0 0.0 0.0 0.0 0.0
SUR_TUU 0.0 0.0 0.0 0.0 0.0 0.0 0.0 0.0 0.0 0.0 0.0 0.0 0.0 0.0 0.0
WRP_BUR 0.0 0.0 0.0 0.0 0.0 0.0 0.0 0.0 0.0 0.0 0.0 0.0 0.0 0.0 0.0
WRP_GDL 0.0 0.0 0.0 0.0 0.0 0.0 0.0 0.0 0.0 0.0 0.0 0.0 0.0 0.0 0.0
WRP_HYP 0.0 0.0 0.0 0.0 0.0 0.0 0.0 0.0 0.0 0.0 0.0 0.0 0.0 0.0 0.0
WRP_JWP 0.0 0.0 0.0 0.0 0.0 0.0 0.0 0.0 0.0 0.0 0.0 0.0 0.0 0.0 0.0
WRP_LAC 0.0 0.0 0.0 0.0 0.0 0.0 0.0 0.0 0.0 0.0 0.0 0.0 0.0 0.0 0.0
WRP_LBP 0.0 0.0 0.0 0.0 0.0 0.0 0.0 0.0 0.0 0.0 0.0 0.0 0.0 0.0 0.0
WRP_LCP 0.0 0.0 0.0 0.0 0.0 0.0 0.0 0.0 0.0 0.0 0.0 0.0 0.0 0.0 0.0
WRP_LIT 0.0 0.0 0.0 0.0 0.0 0.0 0.0 0.0 0.0 0.0 0.0 0.0 0.0 0.0 0.0
WRP_MMS 0.0 0.0 0.0 0.0 0.0 0.0 0.0 0.0 0.0 0.0 0.0 0.0 0.0 0.0 0.0
WRP_PON 0.0 0.0 0.0 0.0 0.0 0.0 0.0 0.0 0.0 0.0 0.0 0.0 0.0 0.0 0.0
WRP_SJC 0.0 0.0 0.0 0.0 0.0 0.0 0.0 0.0 0.0 0.0 0.0 0.0 0.0 0.0 0.0
WRP_SJP 0.0 0.0 0.0 0.0 0.0 0.0 0.0 0.0 0.0 0.0 0.0 0.0 0.0 0.0 0.0
WRP_SMR 0.0 0.0 0.0 0.0 0.0 0.0 0.0 0.0 0.0 0.0 0.0 0.0 0.0 0.0 0.0
WRP_TAP 0.0 0.0 0.0 0.0 0.0 0.0 0.0 0.0 0.0 0.0 0.0 0.0 0.0 0.0 0.0
WRP_TER 0.0 0.0 0.0 0.0 0.0 0.0 0.0 0.0 0.0 0.0 0.0 0.0 0.0 0.0 0.0
WRP_TIL 0.0 0.0 0.0 0.0 0.0 0.0 0.0 0.0 0.0 0.0 0.0 0.0 0.0 0.0 0.0
WRP_WHP 0.0 0.0 0.0 0.0 0.0 0.0 0.0 0.0 0.0 0.0 0.0 0.0 0.0 0.0 0.0
VAD_ASE 0.0 0.0 0.0 0.0 0.0 0.0 0.0 0.0 0.0 0.0 0.0 0.0 0.0 0.0 0.0
VAD_BAL 0.0 0.0 0.0 0.0 0.0 0.0 0.0 0.0 0.0 0.0 0.0 0.0 0.0 0.0 0.0
VAD_BAC 0.0 0.0 0.0 0.0 0.0 0.0 0.0 0.0 0.0 0.0 0.0 0.0 0.0 0.0 0.0
VAD_SDL 0.0 0.0 0.0 0.0 0.0 0.0 0.0 0.0 0.0 0.0 0.0 0.0 0.0 0.0 0.0
VAD_BDU 0.0 0.0 0.0 0.0 0.0 0.0 0.0 0.0 0.0 0.0 0.0 0.0 0.0 0.0 0.0
VAD_BDS 0.0 0.0 0.0 0.0 0.0 0.0 0.0 0.0 0.0 0.0 0.0 0.0 0.0 0.0 0.0
VAD_BTD 0.0 0.0 0.0 0.0 0.0 0.0 0.0 0.0 0.0 0.0 0.0 0.0 0.0 0.0 0.0
VAD_BRF 0.0 0.0 0.0 0.0 0.0 0.0 0.0 0.0 0.0 0.0 0.0 0.0 0.0 0.0 0.0
VAD_BVS 0.0 0.0 0.0 0.0 0.0 0.0 0.0 0.0 0.0 0.0 0.0 0.0 0.0 0.0 0.0
VAD_BDM 0.0 0.0 0.0 0.0 0.0 0.0 0.0 0.0 0.0 0.0 0.0 0.0 0.0 0.0 0.0
VAD_COY 0.0 0.0 0.0 0.0 0.0 0.0 0.0 0.0 0.0 0.0 0.0 0.0 0.0 0.0 0.0
VAD_DOM 0.0 0.0 0.0 0.0 0.0 0.0 0.0 0.0 0.0 0.0 0.0 0.0 0.0 0.0 0.0
VAD_EAB 0.0 0.0 0.0 0.0 0.0 0.0 0.0 0.0 0.0 0.0 0.0 0.0 0.0 0.0 0.0
VAD_EAT 0.0 0.0 0.0 0.0 0.0 0.0 0.0 0.0 0.0 0.0 0.0 0.0 0.0 0.0 0.0
VAD_SDM 0.0 0.0 0.0 0.0 0.0 0.0 0.0 0.0 0.0 0.0 0.0 0.0 0.0 0.0 0.0
VAD_HAN 0.0 0.0 0.0 0.0 0.0 0.0 0.0 0.0 0.0 0.0 0.0 0.0 0.0 0.0 0.0
VAD_BDL 0.0 0.0 0.0 0.0 0.0 0.0 0.0 0.0 0.0 0.0 0.0 0.0 0.0 0.0 0.0
VAD_LIT 0.0 0.0 0.0 0.0 0.0 0.0 0.0 0.0 0.0 0.0 0.0 0.0 0.0 0.0 0.0
VAD_LOS 0.0 0.0 0.0 0.0 0.0 0.0 0.0 0.0 0.0 0.0 0.0 0.0 0.0 0.0 0.0
VAD_PCU 0.0 0.0 0.0 0.0 0.0 0.0 0.0 0.0 0.0 0.0 0.0 0.0 0.0 0.0 0.0
VAD_LAL 0.0 0.0 0.0 0.0 0.0 0.0 0.0 0.0 0.0 0.0 0.0 0.0 0.0 0.0 0.0
VAD_SGL 0.0 0.0 0.0 0.0 0.0 0.0 0.0 0.0 0.0 0.0 0.0 0.0 0.0 0.0 0.0
VAD_MAL 0.0 0.0 0.0 0.0 0.0 0.0 0.0 0.0 0.0 0.0 0.0 0.0 0.0 0.0 0.0
VAD_MAC 0.0 0.0 0.0 0.0 0.0 0.0 0.0 0.0 0.0 0.0 0.0 0.0 0.0 0.0 0.0
VAD_MOR 0.0 0.0 0.0 0.0 0.0 0.0 0.0 0.0 0.0 0.0 0.0 0.0 0.0 0.0 0.0
VAD_PCD 0.0 0.0 0.0 0.0 0.0 0.0 0.0 0.0 0.0 0.0 0.0 0.0 0.0 0.0 0.0
VAD_PCS 0.0 0.0 0.0 0.0 0.0 0.0 0.0 0.0 0.0 0.0 0.0 0.0 0.0 0.0 0.0
VAD_SAL 0.0 0.0 0.0 0.0 0.0 0.0 0.0 0.0 0.0 0.0 0.0 0.0 0.0 0.0 0.0
VAD_PUD 0.0 0.0 0.0 0.0 0.0 0.0 0.0 0.0 0.0 0.0 0.0 0.0 0.0 0.0 0.0
VAD_RHU 0.0 0.0 0.0 0.0 0.0 0.0 0.0 0.0 0.0 0.0 0.0 0.0 0.0 0.0 0.0
VAD_SND 0.0 0.0 0.0 0.0 0.0 0.0 0.0 0.0 0.0 0.0 0.0 0.0 0.0 0.0 0.0
VAD_SDU 0.0 0.0 0.0 0.0 0.0 0.0 0.0 0.0 0.0 0.0 0.0 0.0 0.0 0.0 0.0
VAD_SGD 0.0 0.0 0.0 0.0 0.0 0.0 0.0 0.0 0.0 0.0 0.0 0.0 0.0 0.0 0.0
VAD_SGU 0.0 0.0 0.0 0.0 0.0 0.0 0.0 0.0 0.0 0.0 0.0 0.0 0.0 0.0 0.0
VAD_SGC 0.0 0.0 0.0 0.0 0.0 0.0 0.0 0.0 0.0 0.0 0.0 0.0 0.0 0.0 0.0
VAD_SGP 0.0 0.0 0.0 0.0 0.0 0.0 0.0 0.0 0.0 0.0 0.0 0.0 0.0 0.0 0.0
VAD_SJC 0.0 0.0 0.0 0.0 0.0 0.0 0.0 0.0 0.0 0.0 0.0 0.0 0.0 0.0 0.0
VAD_SAC 0.0 0.0 0.0 0.0 0.0 0.0 0.0 0.0 0.0 0.0 0.0 0.0 0.0 0.0 0.0
VAD_SAU 0.0 0.0 0.0 0.0 0.0 0.0 0.0 0.0 0.0 0.0 0.0 0.0 0.0 0.0 0.0
VAD_SAW 0.0 0.0 0.0 0.0 0.0 0.0 0.0 0.0 0.0 0.0 0.0 0.0 0.0 0.0 0.0
VAD_SMD 0.0 0.0 0.0 0.0 0.0 0.0 0.0 0.0 0.0 0.0 0.0 0.0 0.0 0.0 0.0
VAD_THM 0.0 0.0 0.0 0.0 0.0 0.0 0.0 0.0 0.0 0.0 0.0 0.0 0.0 0.0 0.0
VAD_LAU 0.0 0.0 0.0 0.0 0.0 0.0 0.0 0.0 0.0 0.0 0.0 0.0 0.0 0.0 0.0
VAD_VER 0.0 0.0 0.0 0.0 0.0 0.0 0.0 0.0 0.0 0.0 0.0 0.0 0.0 0.0 0.0
VAD_WLL 0.0 0.0 0.0 0.0 0.0 0.0 0.0 0.0 0.0 0.0 0.0 0.0 0.0 0.0 0.0
VAD_WLU 0.0 0.0 0.0 0.0 0.0 0.0 0.0 0.0 0.0 0.0 0.0 0.0 0.0 0.0 0.0
