CAL_064 0.0 0.0 0.0 0.0 0.0 0.0 0.0 0.0 0.0 0.0 0.0 0.0 0.0 0.0 0.0
CAL_192 0.0 0.0 0.0 0.0 0.0 0.0 0.0 0.0 0.0 0.0 0.0 0.0 0.0 0.0 0.0
CAL_274 0.0 0.0 0.0 0.0 0.0 0.0 0.0 0.0 0.0 0.0 0.0 0.0 0.0 0.0 0.0
CAL_304 0.0 0.0 0.0 0.0 0.0 0.0 0.0 0.0 0.0 0.0 0.0 0.0 0.0 0.0 0.0
CAL_318 0.0 0.0 0.0 0.0 0.0 0.0 0.0 0.0 0.0 0.0 0.0 0.0 0.0 0.0 0.0
CAL_319 0.0 0.0 0.0 0.0 0.0 0.0 0.0 0.0 0.0 0.0 0.0 0.0 0.0 0.0 0.0
CAL_342 0.0 0.0 0.0 0.0 0.0 0.0 0.0 0.0 0.0 0.0 0.0 0.0 0.0 0.0 0.0
CAL_42B 0.0 0.0 0.0 0.0 0.0 0.0 0.0 0.0 0.0 0.0 0.0 0.0 0.0 0.0 0.0
CAL_45C 0.0 0.0 0.0 0.0 0.0 0.0 0.0 0.0 0.0 0.0 0.0 0.0 0.0 0.0 0.0
CAL_57C 0.0 0.0 0.0 0.0 0.0 0.0 0.0 0.0 0.0 0.0 0.0 0.0 0.0 0.0 0.0
CAL_81D 0.0 0.0 0.0 0.0 0.0 0.0 0.0 0.0 0.0 0.0 0.0 0.0 0.0 0.0 0.0
CTY_ALH 8812.0 8812.0 8812.0 8812.0 8812.0 8812.0 6275.84280398 6275.84280398 6275.84280398 6275.84280398 6275.84280398 3209.54237136 5845.2687883 3209.54237136 3209.54237136
CTY_ARC 7054.97287322 7054.97287322 7054.97287322 7054.97287322 7054.97287322 7054.97287322 7054.97287322 7054.97287322 7054.97287322 7054.97287322 5372.53119781 4784.85928308 5372.53119781 4784.85928308 4784.85928308
CTY_AZU 10749.4211741 10749.4211741 10749.4211741 10749.4211741 10749.4211741 10749.4211741 10749.4211741 10749.4211741 10749.4211741 10749.4211741 10749.4211741 5830.94344348 10473.5733717 5830.94344348 5830.94344348
CTY_BEL 460.033937689 460.033937689 460.033937689 460.033937689 460.033937689 460.033937689 460.033937689 460.033937689 460.033937689 460.033937689 276.604141157 163.069427438 276.604141157 276.604141157 276.604141157
CTY_BHL 1311.0 1311.0 1311.0 1311.0 1311.0 1311.0 1311.0 0.0 0.0 0.0 0.0 0.0 352.968877838 0.0 0.0
CTY_BUR 4492.52516279 3962.93448847 1474.49776195 2538.12808077 902.011847702 4764.51792409 8883.8325253 0.0 0.0 0.0 0.0 0.0 1517.86050948 0.0 0.0
CTY_CER 4394.87922544 4394.87922544 4394.87922544 4394.87922544 4394.87922544 4394.87922544 3244.87922544 3244.87922544 3244.87922544 3244.87922544 1247.82423101 1354.49332792 1247.82423101 1247.82423101 1247.82423101
CTY_CLM 0.0 0.0 0.0 0.0 0.0 0.0 0.0 0.0 0.0 0.0 0.0 0.0 0.0 0.0 0.0
CTY_COV 473.0 473.0 473.0 473.0 473.0 473.0 473.0 473.0 473.0 473.0 473.0 473.0 473.0 473.0 473.0
CTY_CPT 5780.0 5780.0 5780.0 5780.0 5780.0 5780.0 4835.32374843 3486.15546084 3486.15546084 3486.15546084 630.054922342 0.0 630.054922342 630.054922342 630.054922342
CTY_DOW 11903.0054767 11903.0054767 11903.0054767 11903.0054767 11903.0054767 11903.0054767 11903.0054767 11903.0054767 11903.0054767 11903.0054767 7766.41744156 702.73624026 7766.41744156 7766.41744156 7766.41744156
CTY_ELM 2784.0 2784.0 2784.0 2784.0 2784.0 2784.0 2784.0 2784.0 2784.0 2784.0 2784.0 2162.293391 2784.0 2162.293391 2162.293391
CTY_ELS 0.0 0.0 0.0 0.0 0.0 0.0 0.0 0.0 0.0 0.0 0.0 0.0 0.0 0.0 0.0
CTY_GDL 12805.1253349 10693.0406336 5358.83663392 12131.6019883 8874.61148347 19376.9946632 8228.4763058 0.0 0.0 0.0 0.0 0.0 2359.71934488 0.0 0.0
CTY_GDR 4519.58413529 4519.58413529 4519.58413529 4519.58413529 4519.58413529 4519.58413529 2244.58413529 2244.58413529 2244.58413529 2244.58413529 2244.58413529 662.575149378 2175.45320011 662.575149378 662.575149378
CTY_HUP 3853.0 3853.0 3853.0 3853.0 3853.0 3853.0 3853.0 3853.0 3853.0 3853.0 2761.20426361 70.7517765021 2761.20426361 2761.20426361 2761.20426361
CTY_IND 69.9063204962 11.312081657 58.9666245002 57.3980317384 51.6207286152 36.2037326263 34.4636528966 58.3832268123 54.9469650853 69.9063204962 0.0 0.0 0.0 0.0 0.0
CTY_ING 4450.0 4450.0 4450.0 4450.0 4450.0 4450.0 4450.0 4450.0 4450.0 4450.0 4450.0 4450.0 4450.0 4450.0 4450.0
CTY_IRW 0.0 0.0 0.0 0.0 0.0 0.0 0.0 0.0 0.0 0.0 0.0 0.0 0.0 0.0 0.0
CTY_LAV 1330.0 1330.0 1330.0 1330.0 1330.0 1330.0 1330.0 0.0 0.0 0.0 0.0 0.0 0.0 0.0 0.0
CTY_LAX 134804.329362 137635.473436 136948.335919 129071.269931 133964.376669 119599.487413 126628.691169 13761.3187626 55862.296975 0.0 0.0 1323.48875259 2499.26287584 0.0 0.0
CTY_LBH 32692.0 32692.0 32692.0 32692.0 32692.0 32692.0 27497.2105269 15179.8592613 15179.8592613 15179.8592613 0.0 0.0 0.0 0.0 0.0
CTY_LKW 6205.61221261 6205.61221261 6205.61221261 6205.61221261 6205.61221261 6205.61221261 6205.61221261 6205.61221261 6205.61221261 6205.61221261 4035.17052349 3948.37776392 4035.17052349 4035.17052349 4035.17052349
CTY_LOM 1352.0 1352.0 1352.0 1352.0 1352.0 1352.0 1352.0 1352.0 1352.0 1352.0 1330.8047244 221.8007874 1330.8047244 1330.8047244 1330.8047244
CTY_LYN 5337.0 5337.0 5337.0 5337.0 5337.0 5337.0 4818.17893408 4818.17893408 4818.17893408 4818.17893408 2790.36822044 593.903425185 2790.36822044 2790.36822044 2790.36822044
CTY_MBC 1131.0 1131.0 1131.0 1131.0 1131.0 1131.0 361.825109483 0.0 0.0 0.0 0.0 0.0 0.0 0.0 0.0
CTY_MON 4359.07013126 4359.07013126 4359.07013126 4359.07013126 4359.07013126 4359.07013126 4359.07013126 4359.07013126 4359.07013126 4359.07013126 4359.07013126 2940.68325861 4286.4471519 2940.68325861 2940.68325861
CTY_MTP 6157.03608972 6157.03608972 6157.03608972 6157.03608972 6157.03608972 6157.03608972 6157.03608972 6157.03608972 6157.03608972 6157.03608972 4071.4867286 3053.61504645 4071.4867286 4071.4867286 4071.4867286
CTY_NOR 1494.49993798 1494.49993798 1494.49993798 1494.49993798 1494.49993798 1494.49993798 1394.49993798 1394.49993798 1394.49993798 1394.49993798 980.415147284 689.91817138 787.819823324 787.819823324 787.819823324
CTY_PAR 5883.0 5883.0 5883.0 5883.0 5883.0 5883.0 2761.68950959 2761.68950959 2761.68950959 2761.68950959 624.132868243 0.0 624.132868243 624.132868243 624.132868243
CTY_PAS 12807.0 12807.0 12807.0 12807.0 12807.0 12807.0 12807.0 1457.62004904 0.0 0.0 0.0 0.0 0.0 0.0 0.0
CTY_PCR 4312.23406029 4312.23406029 4312.23406029 4312.23406029 4312.23406029 4312.23406029 4312.23406029 4312.23406029 4312.23406029 4312.23406029 2869.78501984 405.797503307 2869.78501984 2869.78501984 2869.78501984
CTY_PNM 14854.0 14854.0 12214.7430449 14854.0 14854.0 14854.0 13764.4525305 8652.74304486 8652.74304486 8652.74304486 8652.74304486 5415.74304486 7480.69235792 8652.74304486 8652.74304486
CTY_SFE 2305.0201408 2115.55144238 0.0 0.0 0.0 0.0 0.0 0.0 0.0 0.0 0.0 0.0 0.0 0.0 0.0
CTY_SFS 3343.27277225 3343.27277225 3343.27277225 3343.27277225 3343.27277225 3343.27277225 362.119401291 0.0 0.0 0.0 0.0 0.0 0.0 0.0 0.0
CTY_SGT 11126.6717986 11126.6717986 11126.6717986 11126.6717986 11126.6717986 11126.6717986 11126.6717986 11126.6717986 11126.6717986 11126.6717986 7451.99108105 2408.66369368 7451.99108105 7451.99108105 7451.99108105
CTY_SIE 1406.29738641 1406.29738641 1406.29738641 1406.29738641 1406.29738641 1406.29738641 1406.29738641 1406.29738641 1406.29738641 1406.29738641 1406.29738641 900.259986927 1377.64466805 900.259986927 900.259986927
CTY_SIG 967.44726958 967.44726958 967.44726958 967.44726958 967.44726958 967.44726958 867.44726958 867.44726958 867.44726958 867.44726958 528.807645212 109.602548404 528.807645212 528.807645212 528.807645212
CTY_SMC 11193.8720539 11193.8720539 11193.8720539 11055.8720539 10963.8720539 11285.8720539 9302.74106632 0.0 0.0 0.0 0.0 0.0 0.0 0.0 0.0
CTY_SMR 0.0 0.0 0.0 0.0 0.0 0.0 0.0 0.0 0.0 0.0 0.0 0.0 0.0 0.0 0.0
CTY_SPA 3547.50225444 3547.50225444 3547.50225444 3547.50225444 3547.50225444 3547.50225444 3547.50225444 3547.50225444 3547.50225444 3547.50225444 3547.50225444 2433.09869311 3386.26930777 2433.09869311 2433.09869311
CTY_TOR 2519.0 2519.0 2519.0 2519.0 2519.0 2519.0 2519.0 0.0 0.0 0.0 0.0 0.0 0.0 0.0 0.0
CTY_VER 6370.8360652 6370.8360652 6370.8360652 6370.8360652 6370.8360652 6370.8360652 4270.8360652 4270.8360652 4270.8360652 4270.8360652 2455.89310605 0.0 2455.89310605 2455.89310605 2455.89310605
CTY_WHT 4318.06072119 4318.06072119 4318.06072119 4318.06072119 4318.06072119 4318.06072119 4318.06072119 4318.06072119 4318.06072119 4318.06072119 2782.43946159 1356.7197308 2782.43946159 2782.43946159 2782.43946159
CWD_CRE 3010.31839319 3010.31839319 526.692898902 0.0 0.0 0.0 0.0 0.0 0.0 0.0 0.0 0.0 0.0 0.0 0.0
CWD_LA1 0.0 0.0 0.0 0.0 0.0 0.0 0.0 0.0 0.0 0.0 0.0 0.0 0.0 0.0 0.0
CWD_LA2 0.0 0.0 0.0 0.0 0.0 0.0 0.0 0.0 0.0 0.0 0.0 0.0 0.0 0.0 0.0
CWD_LA3 0.0 0.0 0.0 0.0 0.0 0.0 0.0 0.0 0.0 0.0 0.0 0.0 0.0 0.0 0.0
CWD_LAH 467.652206837 467.652206837 467.652206837 467.652206837 467.652206837 467.652206837 207.652206837 207.652206837 207.652206837 207.652206837 43.9579439683 0.0 43.9579439683 43.9579439683 43.9579439683
CWD_LAP 755.269291793 755.269291793 755.269291793 755.269291793 755.269291793 755.269291793 755.269291793 755.269291793 755.269291793 755.269291793 755.269291793 490.899214672 743.716796941 490.899214672 490.899214672
CWD_ORC 1254.0 1254.0 1254.0 1254.0 1254.0 1254.0 1254.0 1254.0 1254.0 1254.0 1254.0 667.158394865 1254.0 1254.0 1254.0
CWD_PIC 2695.49171787 2695.49171787 2695.49171787 2695.49171787 2695.49171787 2695.49171787 2695.49171787 2695.49171787 2695.49171787 2695.49171787 1793.24369113 126.520307595 1793.24369113 1793.24369113 1793.24369113
CWD_ROW 306.0 306.0 306.0 306.0 306.0 306.0 0.0 0.0 0.0 0.0 0.0 0.0 0.0 0.0 0.0
CWD_SAV 474.0 474.0 474.0 474.0 474.0 474.0 474.0 474.0 474.0 474.0 388.894924367 129.631641456 388.894924367 388.894924367 388.894924367
CWD_SGB 5229.99048031 5229.99048031 5229.99048031 5229.99048031 5229.99048031 5229.99048031 5229.99048031 5229.99048031 5229.99048031 5229.99048031 4894.57332416 3527.15868142 4653.33893866 3527.15868142 3527.15868142
CWD_VAL 5959.0 5959.0 5959.0 5959.0 5959.0 5959.0 5959.0 5959.0 5959.0 5959.0 4367.09690242 4367.09690242 4367.09690242 4367.09690242 4367.09690242
CWD_WVA 306.0 306.0 306.0 306.0 306.0 306.0 0.0 0.0 0.0 0.0 0.0 0.0 0.0 0.0 0.0
GWB_CEN 0.0 0.0 0.0 0.0 0.0 0.0 0.0 0.0 0.0 0.0 0.0 0.0 0.0 0.0 0.0
GWB_CHI 0.0 0.0 0.0 0.0 0.0 0.0 0.0 0.0 0.0 0.0 0.0 0.0 0.0 0.0 0.0
GWB_HOL 0.0 0.0 0.0 0.0 0.0 0.0 0.0 0.0 0.0 0.0 0.0 0.0 0.0 0.0 0.0
GWB_MSG 3788.0 3788.0 3788.0 3788.0 3788.0 3788.0 4400.0 4400.0 4400.0 4400.0 4400.0 4400.0 4400.0 4400.0 4400.0
GWB_PUE 0.0 0.0 0.0 0.0 0.0 0.0 0.0 0.0 0.0 0.0 0.0 0.0 0.0 0.0 0.0
GWB_RAY 0.0 0.0 0.0 0.0 0.0 0.0 0.0 0.0 0.0 0.0 0.0 0.0 0.0 0.0 0.0
GWB_SFE 0.0 0.0 0.0 0.0 0.0 0.0 0.0 0.0 0.0 0.0 0.0 0.0 0.0 0.0 0.0
GWB_SIX 0.0 0.0 0.0 0.0 0.0 0.0 0.0 0.0 0.0 0.0 0.0 0.0 0.0 0.0 0.0
GWB_SMC 0.0 0.0 0.0 0.0 0.0 0.0 0.0 0.0 0.0 0.0 0.0 0.0 0.0 0.0 0.0
GWB_SPA 0.0 0.0 0.0 0.0 0.0 0.0 0.0 0.0 0.0 0.0 0.0 0.0 0.0 0.0 0.0
GWB_SYL 0.0 0.0 0.0 0.0 0.0 0.0 0.0 0.0 0.0 0.0 0.0 0.0 0.0 0.0 0.0
GWB_VER 0.0 0.0 0.0 0.0 0.0 0.0 0.0 0.0 0.0 0.0 0.0 0.0 0.0 0.0 0.0
GWB_WCS 0.0 0.0 0.0 0.0 0.0 0.0 0.0 0.0 0.0 0.0 0.0 0.0 0.0 0.0 0.0
INF_BTD 0.0 0.0 0.0 0.0 0.0 0.0 0.0 0.0 0.0 0.0 0.0 0.0 0.0 0.0 0.0
INF_CAS 0.0 0.0 0.0 0.0 0.0 0.0 0.0 0.0 0.0 0.0 0.0 0.0 0.0 0.0 0.0
INF_COL 0.0 0.0 0.0 0.0 0.0 0.0 0.0 0.0 0.0 0.0 0.0 0.0 0.0 0.0 0.0
INF_CSB 0.0 0.0 0.0 0.0 0.0 0.0 0.0 0.0 0.0 0.0 0.0 0.0 0.0 0.0 0.0
INF_DVR 0.0 0.0 0.0 0.0 0.0 0.0 0.0 0.0 0.0 0.0 0.0 0.0 0.0 0.0 0.0
INF_HAN 0.0 0.0 0.0 0.0 0.0 0.0 0.0 0.0 0.0 0.0 0.0 0.0 0.0 0.0 0.0
INF_LAR 0.0 0.0 0.0 0.0 0.0 0.0 0.0 0.0 0.0 0.0 0.0 0.0 0.0 0.0 0.0
INF_LMR 0.0 0.0 0.0 0.0 0.0 0.0 0.0 0.0 0.0 0.0 0.0 0.0 0.0 0.0 0.0
INF_LOD 0.0 0.0 0.0 0.0 0.0 0.0 0.0 0.0 0.0 0.0 0.0 0.0 0.0 0.0 0.0
INF_LPB 0.0 0.0 0.0 0.0 0.0 0.0 0.0 0.0 0.0 0.0 0.0 0.0 0.0 0.0 0.0
INF_LR2 0.0 0.0 0.0 0.0 0.0 0.0 0.0 0.0 0.0 0.0 0.0 0.0 0.0 0.0 0.0
INF_LR3 0.0 0.0 0.0 0.0 0.0 0.0 0.0 0.0 0.0 0.0 0.0 0.0 0.0 0.0 0.0
INF_LR4 0.0 0.0 0.0 0.0 0.0 0.0 0.0 0.0 0.0 0.0 0.0 0.0 0.0 0.0 0.0
INF_MOR 0.0 0.0 0.0 0.0 0.0 0.0 0.0 0.0 0.0 0.0 0.0 0.0 0.0 0.0 0.0
INF_PCD 0.0 0.0 0.0 0.0 0.0 0.0 0.0 0.0 0.0 0.0 0.0 0.0 0.0 0.0 0.0
INF_PUD 0.0 0.0 0.0 0.0 0.0 0.0 0.0 0.0 0.0 0.0 0.0 0.0 0.0 0.0 0.0
INF_SAD 0.0 0.0 0.0 0.0 0.0 0.0 0.0 0.0 0.0 0.0 0.0 0.0 0.0 0.0 0.0
INF_SFD 0.0 0.0 0.0 0.0 0.0 0.0 0.0 0.0 0.0 0.0 0.0 0.0 0.0 0.0 0.0
INF_SFN 0.0 0.0 0.0 0.0 0.0 0.0 0.0 0.0 0.0 0.0 0.0 0.0 0.0 0.0 0.0
INF_SGD 0.0 0.0 0.0 0.0 0.0 0.0 0.0 0.0 0.0 0.0 0.0 0.0 0.0 0.0 0.0
INF_SND 0.0 0.0 0.0 0.0 0.0 0.0 0.0 0.0 0.0 0.0 0.0 0.0 0.0 0.0 0.0
INF_SPV 0.0 0.0 0.0 0.0 0.0 0.0 0.0 0.0 0.0 0.0 0.0 0.0 0.0 0.0 0.0
INF_SVR 0.0 0.0 0.0 0.0 0.0 0.0 0.0 0.0 0.0 0.0 0.0 0.0 0.0 0.0 0.0
INF_SWP 0.0 0.0 0.0 0.0 0.0 0.0 0.0 0.0 0.0 0.0 0.0 0.0 0.0 0.0 0.0
INF_WHR 0.0 0.0 0.0 0.0 0.0 0.0 0.0 0.0 0.0 0.0 0.0 0.0 0.0 0.0 0.0
INF_WHS 0.0 0.0 0.0 0.0 0.0 0.0 0.0 0.0 0.0 0.0 0.0 0.0 0.0 0.0 0.0
IOU_CAW 7363.9188562 7411.39453892 7363.9188562 7411.39453892 7411.39453892 7363.9188562 4086.9188562 1763.05135596 1724.9188562 1724.9188562 642.430108025 0.0 647.617958515 647.617958515 685.750458277
IOU_CWS 18254.0 18254.0 18254.0 18254.0 18254.0 18254.0 7105.04514817 0.0 0.0 0.0 0.0 0.0 0.0 0.0 0.0
IOU_EPS 0.0 0.0 0.0 0.0 0.0 0.0 0.0 0.0 0.0 0.0 0.0 0.0 0.0 0.0 0.0
IOU_GSM 10232.6654879 10668.8544853 9585.87891101 10803.7719049 10993.0871153 10936.3163535 3160.11333568 0.0 0.0 0.0 0.0 0.0 0.0 0.0 0.0
IOU_GSR 0.0 0.0 0.0 0.0 0.0 0.0 0.0 0.0 0.0 0.0 0.0 0.0 0.0 0.0 0.0
IOU_PWC 0.0 0.0 0.0 0.0 0.0 0.0 0.0 0.0 0.0 0.0 0.0 0.0 0.0 0.0 0.0
IOU_SGV 17231.0050691 17244.7105765 17136.5154753 17314.5169101 17136.5154753 17136.5154753 17244.7105765 17136.5154753 17136.5154753 17136.5154753 14009.9722818 9392.10329346 14104.4618756 14187.9737167 14093.4841229
IOU_SWS 24226.4242614 23822.7601327 24105.7964668 24347.3817389 24347.3817389 24347.3817389 14861.3990045 14015.997663 13747.7601327 14030.7964668 12341.7601327 10497.7839365 12462.3879273 10880.4974083 11269.3627333
IRR_KIN 85.6219560474 85.6219560474 85.6219560474 85.6219560474 85.6219560474 85.6219560474 85.6219560474 85.6219560474 85.6219560474 85.6219560474 85.6219560474 85.6219560474 85.6219560474 85.6219560474 85.6219560474
IRR_LAC 100.0 100.0 100.0 100.0 100.0 100.0 100.0 0.0 0.0 0.0 0.0 0.0 0.0 0.0 0.0
IRR_SMT 692.915664215 692.915664215 692.915664215 692.915664215 692.915664215 692.915664215 692.915664215 692.915664215 692.915664215 692.915664215 450.371488809 187.654787004 450.371488809 450.371488809 450.371488809
MWC_180 0.0 0.0 0.0 0.0 0.0 0.0 0.0 0.0 0.0 0.0 0.0 0.0 0.0 0.0 0.0
MWC_349 0.0 0.0 0.0 0.0 0.0 0.0 0.0 0.0 0.0 0.0 0.0 0.0 0.0 0.0 0.0
MWC_ADR 0.0 0.0 0.0 0.0 0.0 0.0 0.0 0.0 0.0 0.0 0.0 0.0 0.0 0.0 0.0
MWC_AMA 0.0 0.0 0.0 0.0 0.0 0.0 0.0 0.0 0.0 0.0 0.0 0.0 0.0 0.0 0.0
MWC_BLS 3943.15909419 3943.15909419 3943.15909419 3943.15909419 3943.15909419 3943.15909419 1593.15909419 1593.15909419 1593.15909419 1593.15909419 169.864376663 0.0 220.238698055 169.864376663 169.864376663
MWC_CDM 0.0 0.0 0.0 0.0 0.0 0.0 0.0 0.0 0.0 0.0 0.0 0.0 0.0 0.0 0.0
MWC_COV 0.0 0.0 0.0 0.0 0.0 0.0 0.0 0.0 0.0 0.0 0.0 0.0 0.0 0.0 0.0
MWC_DEL 0.0 0.0 0.0 0.0 0.0 0.0 0.0 0.0 0.0 0.0 0.0 0.0 0.0 0.0 0.0
MWC_HEM 0.0 0.0 0.0 0.0 0.0 0.0 0.0 0.0 0.0 0.0 0.0 0.0 0.0 0.0 0.0
MWC_LAV 567.0 567.0 567.0 567.0 567.0 567.0 567.0 567.0 567.0 567.0 567.0 567.0 567.0 567.0 567.0
MWC_LFL 0.0 0.0 0.0 0.0 0.0 0.0 0.0 0.0 0.0 0.0 0.0 0.0 0.0 0.0 0.0
MWC_LYN 0.0 0.0 0.0 0.0 0.0 0.0 0.0 0.0 0.0 0.0 0.0 0.0 0.0 0.0 0.0
MWC_MA1 313.947172174 313.947172174 313.947172174 313.947172174 313.947172174 313.947172174 313.947172174 313.947172174 313.947172174 313.947172174 313.947172174 313.947172174 313.947172174 313.947172174 313.947172174
MWC_MA2 0.0 0.0 0.0 0.0 0.0 0.0 0.0 0.0 0.0 0.0 0.0 0.0 0.0 0.0 0.0
MWC_MA3 0.0 0.0 0.0 0.0 0.0 0.0 0.0 0.0 0.0 0.0 0.0 0.0 0.0 0.0 0.0
MWC_MCR 0.0 0.0 0.0 0.0 0.0 0.0 0.0 0.0 0.0 0.0 0.0 0.0 0.0 0.0 0.0
MWC_MON 1694.0 1694.0 1694.0 1694.0 1694.0 1694.0 1694.0 1694.0 1694.0 1694.0 1694.0 1379.32690095 1694.0 1694.0 1694.0
MWC_RUB 843.091302466 843.091302466 843.091302466 843.091302466 843.091302466 843.091302466 843.091302466 113.091302466 113.091302466 113.091302466 113.091302466 0.0 100.19549426 0.0 0.0
MWC_RUR 0.0 0.0 0.0 0.0 0.0 0.0 0.0 0.0 0.0 0.0 0.0 0.0 0.0 0.0 0.0
MWC_SSL 460.319568729 460.319568729 460.319568729 460.319568729 460.319568729 460.319568729 460.319568729 460.319568729 460.319568729 460.319568729 460.319568729 247.303924063 419.199403623 0.0 0.0
MWC_STG 0.0 0.0 0.0 0.0 0.0 0.0 0.0 0.0 0.0 0.0 0.0 0.0 0.0 0.0 0.0
MWC_VHT 0.0 0.0 0.0 0.0 0.0 0.0 0.0 0.0 0.0 0.0 0.0 0.0 0.0 0.0 0.0
MWC_VVW 0.0 0.0 0.0 0.0 0.0 0.0 0.0 0.0 0.0 0.0 0.0 0.0 0.0 0.0 0.0
MWC_VWC 0.0 0.0 0.0 0.0 0.0 0.0 0.0 0.0 0.0 0.0 0.0 0.0 0.0 0.0 0.0
MWC_WPK 0.0 0.0 0.0 0.0 0.0 0.0 0.0 0.0 0.0 0.0 0.0 0.0 0.0 0.0 0.0
MWD_CBR 0.0 0.0 0.0 0.0 0.0 0.0 0.0 0.0 0.0 0.0 0.0 0.0 0.0 0.0 0.0
MWD_CBS 0.0 0.0 0.0 0.0 0.0 0.0 0.0 0.0 0.0 0.0 0.0 0.0 0.0 0.0 0.0
MWD_FTH 0.0 0.0 0.0 0.0 0.0 0.0 0.0 0.0 0.0 0.0 0.0 0.0 0.0 0.0 0.0
MWD_FTR 0.0 0.0 0.0 0.0 0.0 0.0 0.0 0.0 0.0 0.0 0.0 0.0 0.0 0.0 0.0
MWD_LVI 0.0 0.0 0.0 0.0 0.0 0.0 0.0 0.0 0.0 0.0 0.0 0.0 0.0 0.0 0.0
MWD_LVR 0.0 0.0 0.0 0.0 0.0 0.0 0.0 0.0 0.0 0.0 0.0 0.0 0.0 0.0 0.0
MWD_MET 0.0 0.0 0.0 0.0 0.0 0.0 0.0 0.0 0.0 0.0 0.0 0.0 0.0 0.0 0.0
MWD_SGR 0.0 0.0 0.0 0.0 0.0 0.0 0.0 0.0 0.0 0.0 0.0 0.0 0.0 0.0 0.0
MWD_SGV 0.0 0.0 0.0 0.0 0.0 0.0 0.0 0.0 0.0 0.0 0.0 0.0 0.0 0.0 0.0
MWD_THR 0.0 0.0 0.0 0.0 0.0 0.0 0.0 0.0 0.0 0.0 0.0 0.0 0.0 0.0 0.0
MWD_THV 0.0 0.0 0.0 0.0 0.0 0.0 0.0 0.0 0.0 0.0 0.0 0.0 0.0 0.0 0.0
MWD_USG 0.0 0.0 0.0 0.0 0.0 0.0 0.0 0.0 0.0 0.0 0.0 0.0 0.0 0.0 0.0
MWD_USR 0.0 0.0 0.0 0.0 0.0 0.0 0.0 0.0 0.0 0.0 0.0 0.0 0.0 0.0 0.0
MWD_WCB 0.0 0.0 0.0 0.0 0.0 0.0 0.0 0.0 0.0 0.0 0.0 0.0 0.0 0.0 0.0
MWD_WCD 0.0 0.0 0.0 0.0 0.0 0.0 0.0 0.0 0.0 0.0 0.0 0.0 0.0 0.0 0.0
MWD_WCP 0.0 0.0 0.0 0.0 0.0 0.0 0.0 0.0 0.0 0.0 0.0 0.0 0.0 0.0 0.0
MWD_WCR 0.0 0.0 0.0 0.0 0.0 0.0 0.0 0.0 0.0 0.0 0.0 0.0 0.0 0.0 0.0
MWD_WRD 0.0 0.0 0.0 0.0 0.0 0.0 0.0 0.0 0.0 0.0 0.0 0.0 0.0 0.0 0.0
MWS_BHG 0.0 0.0 0.0 0.0 0.0 0.0 0.0 0.0 0.0 0.0 0.0 0.0 0.0 0.0 0.0
PRK_FBP 0.0 0.0 0.0 0.0 0.0 0.0 0.0 0.0 0.0 0.0 0.0 0.0 0.0 0.0 0.0
PRV_CEN 1406.0 1406.0 1406.0 1406.0 1406.0 1406.0 1406.0 1406.0 1406.0 1406.0 1406.0 1154.30864198 1406.0 1406.0 1406.0
PRV_COC 66.0 66.0 66.0 66.0 66.0 66.0 66.0 66.0 66.0 66.0 66.0 66.0 66.0 66.0 66.0
PRV_MOC 168.0 168.0 168.0 168.0 168.0 168.0 168.0 168.0 168.0 168.0 168.0 155.236467236 168.0 168.0 168.0
PRV_MSG 13355.0 13355.0 13355.0 13355.0 13355.0 13355.0 13355.0 13355.0 13355.0 13355.0 13355.0 12118.4259259 13355.0 13355.0 13355.0
PRV_RAY 463.0 463.0 463.0 463.0 463.0 463.0 463.0 463.0 463.0 463.0 463.0 463.0 463.0 463.0 463.0
PRV_SGR 0.0 0.0 0.0 0.0 0.0 0.0 0.0 0.0 0.0 0.0 0.0 0.0 0.0 0.0 0.0
PRV_SIX 0.0 0.0 0.0 0.0 0.0 0.0 0.0 0.0 0.0 0.0 0.0 0.0 0.0 0.0 0.0
PRV_WCS 5327.0 5327.0 5327.0 5327.0 5327.0 5327.0 5327.0 5327.0 5327.0 5327.0 5327.0 5065.51377018 5327.0 5327.0 5327.0
PRV_WMI 0.0 0.0 0.0 0.0 0.0 0.0 0.0 0.0 0.0 0.0 0.0 0.0 0.0 0.0 0.0
PRV_WOC 8113.0 8113.0 8113.0 8113.0 8113.0 8113.0 8113.0 8113.0 8113.0 8113.0 8113.0 3201.28347578 4541.89316239 5474.15622032 6032.74358974
SPG_ANI 0.0 0.0 0.0 0.0 0.0 0.0 0.0 0.0 0.0 0.0 0.0 0.0 0.0 0.0 0.0
SPG_BDS 0.0 0.0 0.0 0.0 0.0 0.0 0.0 0.0 0.0 0.0 0.0 0.0 0.0 0.0 0.0
SPG_BEN 0.0 0.0 0.0 0.0 0.0 0.0 0.0 0.0 0.0 0.0 0.0 0.0 0.0 0.0 0.0
SPG_BRF 0.0 0.0 0.0 0.0 0.0 0.0 0.0 0.0 0.0 0.0 0.0 0.0 0.0 0.0 0.0
SPG_BRW 0.0 0.0 0.0 0.0 0.0 0.0 0.0 0.0 0.0 0.0 0.0 0.0 0.0 0.0 0.0
SPG_BUL 0.0 0.0 0.0 0.0 0.0 0.0 0.0 0.0 0.0 0.0 0.0 0.0 0.0 0.0 0.0
SPG_BVS 0.0 0.0 0.0 0.0 0.0 0.0 0.0 0.0 0.0 0.0 0.0 0.0 0.0 0.0 0.0
SPG_CIT 0.0 0.0 0.0 0.0 0.0 0.0 0.0 0.0 0.0 0.0 0.0 0.0 0.0 0.0 0.0
SPG_DOM 0.0 0.0 0.0 0.0 0.0 0.0 0.0 0.0 0.0 0.0 0.0 0.0 0.0 0.0 0.0
SPG_EAB 0.0 0.0 0.0 0.0 0.0 0.0 0.0 0.0 0.0 0.0 0.0 0.0 0.0 0.0 0.0
SPG_ESG 0.0 0.0 0.0 0.0 0.0 0.0 0.0 0.0 0.0 0.0 0.0 0.0 0.0 0.0 0.0
SPG_FOR 0.0 0.0 0.0 0.0 0.0 0.0 0.0 0.0 0.0 0.0 0.0 0.0 0.0 0.0 0.0
SPG_HS2 0.0 0.0 0.0 0.0 0.0 0.0 0.0 0.0 0.0 0.0 0.0 0.0 0.0 0.0 0.0
SPG_HSG 0.0 0.0 0.0 0.0 0.0 0.0 0.0 0.0 0.0 0.0 0.0 0.0 0.0 0.0 0.0
SPG_IRW 0.0 0.0 0.0 0.0 0.0 0.0 0.0 0.0 0.0 0.0 0.0 0.0 0.0 0.0 0.0
SPG_LAR 0.0 0.0 0.0 0.0 0.0 0.0 0.0 0.0 0.0 0.0 0.0 0.0 0.0 0.0 0.0
SPG_LIT 0.0 0.0 0.0 0.0 0.0 0.0 0.0 0.0 0.0 0.0 0.0 0.0 0.0 0.0 0.0
SPG_LOP 0.0 0.0 0.0 0.0 0.0 0.0 0.0 0.0 0.0 0.0 0.0 0.0 0.0 0.0 0.0
SPG_LOS 0.0 0.0 0.0 0.0 0.0 0.0 0.0 0.0 0.0 0.0 0.0 0.0 0.0 0.0 0.0
SPG_MIL 0.0 0.0 0.0 0.0 0.0 0.0 0.0 0.0 0.0 0.0 0.0 0.0 0.0 0.0 0.0
SPG_PC2 0.0 0.0 0.0 0.0 0.0 0.0 0.0 0.0 0.0 0.0 0.0 0.0 0.0 0.0 0.0
SPG_PCS 0.0 0.0 0.0 0.0 0.0 0.0 0.0 0.0 0.0 0.0 0.0 0.0 0.0 0.0 0.0
SPG_PEC 0.0 0.0 0.0 0.0 0.0 0.0 0.0 0.0 0.0 0.0 0.0 0.0 0.0 0.0 0.0
SPG_RS2 0.0 0.0 0.0 0.0 0.0 0.0 0.0 0.0 0.0 0.0 0.0 0.0 0.0 0.0 0.0
SPG_RSF 0.0 0.0 0.0 0.0 0.0 0.0 0.0 0.0 0.0 0.0 0.0 0.0 0.0 0.0 0.0
SPG_SAW 0.0 0.0 0.0 0.0 0.0 0.0 0.0 0.0 0.0 0.0 0.0 0.0 0.0 0.0 0.0
SPG_SFG 0.0 0.0 0.0 0.0 0.0 0.0 0.0 0.0 0.0 0.0 0.0 0.0 0.0 0.0 0.0
SPG_SG2 0.0 0.0 0.0 0.0 0.0 0.0 0.0 0.0 0.0 0.0 0.0 0.0 0.0 0.0 0.0
SPG_SGC 0.0 0.0 0.0 0.0 0.0 0.0 0.0 0.0 0.0 0.0 0.0 0.0 0.0 0.0 0.0
SPG_SGY 0.0 0.0 0.0 0.0 0.0 0.0 0.0 0.0 0.0 0.0 0.0 0.0 0.0 0.0 0.0
SPG_SMD 0.0 0.0 0.0 0.0 0.0 0.0 0.0 0.0 0.0 0.0 0.0 0.0 0.0 0.0 0.0
SPG_SND 0.0 0.0 0.0 0.0 0.0 0.0 0.0 0.0 0.0 0.0 0.0 0.0 0.0 0.0 0.0
SPG_SPA 0.0 0.0 0.0 0.0 0.0 0.0 0.0 0.0 0.0 0.0 0.0 0.0 0.0 0.0 0.0
SPG_SPV 0.0 0.0 0.0 0.0 0.0 0.0 0.0 0.0 0.0 0.0 0.0 0.0 0.0 0.0 0.0
SPG_TUJ 0.0 0.0 0.0 0.0 0.0 0.0 0.0 0.0 0.0 0.0 0.0 0.0 0.0 0.0 0.0
SPG_WAL 0.0 0.0 0.0 0.0 0.0 0.0 0.0 0.0 0.0 0.0 0.0 0.0 0.0 0.0 0.0
SUR_ASE 0.0 0.0 0.0 0.0 0.0 0.0 0.0 0.0 0.0 0.0 0.0 0.0 0.0 0.0 0.0
SUR_BAL 0.0 0.0 0.0 0.0 0.0 0.0 0.0 0.0 0.0 0.0 0.0 0.0 0.0 0.0 0.0
SUR_BAC 0.0 0.0 0.0 0.0 0.0 0.0 0.0 0.0 0.0 0.0 0.0 0.0 0.0 0.0 0.0
SUR_SDL 0.0 0.0 0.0 0.0 0.0 0.0 0.0 0.0 0.0 0.0 0.0 0.0 0.0 0.0 0.0
SUR_BDU 0.0 0.0 0.0 0.0 0.0 0.0 0.0 0.0 0.0 0.0 0.0 0.0 0.0 0.0 0.0
SUR_BDS 0.0 0.0 0.0 0.0 0.0 0.0 0.0 0.0 0.0 0.0 0.0 0.0 0.0 0.0 0.0
SUR_BTD 0.0 0.0 0.0 0.0 0.0 0.0 0.0 0.0 0.0 0.0 0.0 0.0 0.0 0.0 0.0
SUR_BRF 0.0 0.0 0.0 0.0 0.0 0.0 0.0 0.0 0.0 0.0 0.0 0.0 0.0 0.0 0.0
SUR_BVS 0.0 0.0 0.0 0.0 0.0 0.0 0.0 0.0 0.0 0.0 0.0 0.0 0.0 0.0 0.0
SUR_BDM 0.0 0.0 0.0 0.0 0.0 0.0 0.0 0.0 0.0 0.0 0.0 0.0 0.0 0.0 0.0
SUR_COY 0.0 0.0 0.0 0.0 0.0 0.0 0.0 0.0 0.0 0.0 0.0 0.0 0.0 0.0 0.0
SUR_DOM 0.0 0.0 0.0 0.0 0.0 0.0 0.0 0.0 0.0 0.0 0.0 0.0 0.0 0.0 0.0
SUR_EAB 0.0 0.0 0.0 0.0 0.0 0.0 0.0 0.0 0.0 0.0 0.0 0.0 0.0 0.0 0.0
SUR_EAT 0.0 0.0 0.0 0.0 0.0 0.0 0.0 0.0 0.0 0.0 0.0 0.0 0.0 0.0 0.0
SUR_SDM 0.0 0.0 0.0 0.0 0.0 0.0 0.0 0.0 0.0 0.0 0.0 0.0 0.0 0.0 0.0
SUR_HAN 0.0 0.0 0.0 0.0 0.0 0.0 0.0 0.0 0.0 0.0 0.0 0.0 0.0 0.0 0.0
SUR_BDL 0.0 0.0 0.0 0.0 0.0 0.0 0.0 0.0 0.0 0.0 0.0 0.0 0.0 0.0 0.0
SUR_LIT 0.0 0.0 0.0 0.0 0.0 0.0 0.0 0.0 0.0 0.0 0.0 0.0 0.0 0.0 0.0
SUR_LOS 0.0 0.0 0.0 0.0 0.0 0.0 0.0 0.0 0.0 0.0 0.0 0.0 0.0 0.0 0.0
SUR_PCU 0.0 0.0 0.0 0.0 0.0 0.0 0.0 0.0 0.0 0.0 0.0 0.0 0.0 0.0 0.0
SUR_LAL 0.0 0.0 0.0 0.0 0.0 0.0 0.0 0.0 0.0 0.0 0.0 0.0 0.0 0.0 0.0
SUR_SGL 0.0 0.0 0.0 0.0 0.0 0.0 0.0 0.0 0.0 0.0 0.0 0.0 0.0 0.0 0.0
SUR_MAL 0.0 0.0 0.0 0.0 0.0 0.0 0.0 0.0 0.0 0.0 0.0 0.0 0.0 0.0 0.0
SUR_MAC 0.0 0.0 0.0 0.0 0.0 0.0 0.0 0.0 0.0 0.0 0.0 0.0 0.0 0.0 0.0
SUR_MOR 0.0 0.0 0.0 0.0 0.0 0.0 0.0 0.0 0.0 0.0 0.0 0.0 0.0 0.0 0.0
SUR_PCD 0.0 0.0 0.0 0.0 0.0 0.0 0.0 0.0 0.0 0.0 0.0 0.0 0.0 0.0 0.0
SUR_PCL 0.0 0.0 0.0 0.0 0.0 0.0 0.0 0.0 0.0 0.0 0.0 0.0 0.0 0.0 0.0
SUR_SAL 0.0 0.0 0.0 0.0 0.0 0.0 0.0 0.0 0.0 0.0 0.0 0.0 0.0 0.0 0.0
SUR_PUD 0.0 0.0 0.0 0.0 0.0 0.0 0.0 0.0 0.0 0.0 0.0 0.0 0.0 0.0 0.0
SUR_RHU 0.0 0.0 0.0 0.0 0.0 0.0 0.0 0.0 0.0 0.0 0.0 0.0 0.0 0.0 0.0
SUR_SND 0.0 0.0 0.0 0.0 0.0 0.0 0.0 0.0 0.0 0.0 0.0 0.0 0.0 0.0 0.0
SUR_SDU 0.0 0.0 0.0 0.0 0.0 0.0 0.0 0.0 0.0 0.0 0.0 0.0 0.0 0.0 0.0
SUR_SGD 0.0 0.0 0.0 0.0 0.0 0.0 0.0 0.0 0.0 0.0 0.0 0.0 0.0 0.0 0.0
SUR_SGU 0.0 0.0 0.0 0.0 0.0 0.0 0.0 0.0 0.0 0.0 0.0 0.0 0.0 0.0 0.0
SUR_SGC 0.0 0.0 0.0 0.0 0.0 0.0 0.0 0.0 0.0 0.0 0.0 0.0 0.0 0.0 0.0
SUR_SGP 0.0 0.0 0.0 0.0 0.0 0.0 0.0 0.0 0.0 0.0 0.0 0.0 0.0 0.0 0.0
SUR_SJC 0.0 0.0 0.0 0.0 0.0 0.0 0.0 0.0 0.0 0.0 0.0 0.0 0.0 0.0 0.0
SUR_SAC 0.0 0.0 0.0 0.0 0.0 0.0 0.0 0.0 0.0 0.0 0.0 0.0 0.0 0.0 0.0
SUR_SAU 0.0 0.0 0.0 0.0 0.0 0.0 0.0 0.0 0.0 0.0 0.0 0.0 0.0 0.0 0.0
SUR_SAW 0.0 0.0 0.0 0.0 0.0 0.0 0.0 0.0 0.0 0.0 0.0 0.0 0.0 0.0 0.0
SUR_SMD 0.0 0.0 0.0 0.0 0.0 0.0 0.0 0.0 0.0 0.0 0.0 0.0 0.0 0.0 0.0
SUR_SPV 0.0 0.0 0.0 0.0 0.0 0.0 0.0 0.0 0.0 0.0 0.0 0.0 0.0 0.0 0.0
SUR_THM 0.0 0.0 0.0 0.0 0.0 0.0 0.0 0.0 0.0 0.0 0.0 0.0 0.0 0.0 0.0
SUR_LAU 0.0 0.0 0.0 0.0 0.0 0.0 0.0 0.0 0.0 0.0 0.0 0.0 0.0 0.0 0.0
SUR_VER 0.0 0.0 0.0 0.0 0.0 0.0 0.0 0.0 0.0 0.0 0.0 0.0 0.0 0.0 0.0
SUR_WLL 0.0 0.0 0.0 0.0 0.0 0.0 0.0 0.0 0.0 0.0 0.0 0.0 0.0 0.0 0.0
SUR_WLU 0.0 0.0 0.0 0.0 0.0 0.0 0.0 0.0 0.0 0.0 0.0 0.0 0.0 0.0 0.0
SUR_ALH 0.0 0.0 0.0 0.0 0.0 0.0 0.0 0.0 0.0 0.0 0.0 0.0 0.0 0.0 0.0
SUR_ARC 0.0 0.0 0.0 0.0 0.0 0.0 0.0 0.0 0.0 0.0 0.0 0.0 0.0 0.0 0.0
SUR_CMP 0.0 0.0 0.0 0.0 0.0 0.0 0.0 0.0 0.0 0.0 0.0 0.0 0.0 0.0 0.0
SUR_COV 0.0 0.0 0.0 0.0 0.0 0.0 0.0 0.0 0.0 0.0 0.0 0.0 0.0 0.0 0.0
SUR_EVP 0.0 0.0 0.0 0.0 0.0 0.0 0.0 0.0 0.0 0.0 0.0 0.0 0.0 0.0 0.0
SUR_FSH 0.0 0.0 0.0 0.0 0.0 0.0 0.0 0.0 0.0 0.0 0.0 0.0 0.0 0.0 0.0
SUR_LAC 0.0 0.0 0.0 0.0 0.0 0.0 0.0 0.0 0.0 0.0 0.0 0.0 0.0 0.0 0.0
SUR_MIL 0.0 0.0 0.0 0.0 0.0 0.0 0.0 0.0 0.0 0.0 0.0 0.0 0.0 0.0 0.0
SUR_MON 0.0 0.0 0.0 0.0 0.0 0.0 0.0 0.0 0.0 0.0 0.0 0.0 0.0 0.0 0.0
SUR_MTB 0.0 0.0 0.0 0.0 0.0 0.0 0.0 0.0 0.0 0.0 0.0 0.0 0.0 0.0 0.0
SUR_OWN 0.0 0.0 0.0 0.0 0.0 0.0 0.0 0.0 0.0 0.0 0.0 0.0 0.0 0.0 0.0
SUR_OWL 0.0 0.0 0.0 0.0 0.0 0.0 0.0 0.0 0.0 0.0 0.0 0.0 0.0 0.0 0.0
SUR_PAC 0.0 0.0 0.0 0.0 0.0 0.0 0.0 0.0 0.0 0.0 0.0 0.0 0.0 0.0 0.0
SUR_PCM 0.0 0.0 0.0 0.0 0.0 0.0 0.0 0.0 0.0 0.0 0.0 0.0 0.0 0.0 0.0
SUR_R01 0.0 0.0 0.0 0.0 0.0 0.0 0.0 0.0 0.0 0.0 0.0 0.0 0.0 0.0 0.0
SUR_RCN 0.0 0.0 0.0 0.0 0.0 0.0 0.0 0.0 0.0 0.0 0.0 0.0 0.0 0.0 0.0
SUR_RHL 0.0 0.0 0.0 0.0 0.0 0.0 0.0 0.0 0.0 0.0 0.0 0.0 0.0 0.0 0.0
SUR_RUB 0.0 0.0 0.0 0.0 0.0 0.0 0.0 0.0 0.0 0.0 0.0 0.0 0.0 0.0 0.0
SUR_SAE 0.0 0.0 0.0 0.0 0.0 0.0 0.0 0.0 0.0 0.0 0.0 0.0 0.0 0.0 0.0
SUR_SGM 0.0 0.0 0.0 0.0 0.0 0.0 0.0 0.0 0.0 0.0 0.0 0.0 0.0 0.0 0.0
SUR_SGO 0.0 0.0 0.0 0.0 0.0 0.0 0.0 0.0 0.0 0.0 0.0 0.0 0.0 0.0 0.0
SUR_TUJ 0.0 0.0 0.0 0.0 0.0 0.0 0.0 0.0 0.0 0.0 0.0 0.0 0.0 0.0 0.0
SUR_TUU 0.0 0.0 0.0 0.0 0.0 0.0 0.0 0.0 0.0 0.0 0.0 0.0 0.0 0.0 0.0
WRP_BUR 0.0 0.0 0.0 0.0 0.0 0.0 0.0 0.0 0.0 0.0 0.0 0.0 0.0 0.0 0.0
WRP_GDL 0.0 0.0 0.0 0.0 0.0 0.0 0.0 0.0 0.0 0.0 0.0 0.0 0.0 0.0 0.0
WRP_HYP 0.0 0.0 0.0 0.0 0.0 0.0 0.0 0.0 0.0 0.0 0.0 0.0 0.0 0.0 0.0
WRP_JWP 0.0 0.0 0.0 0.0 0.0 0.0 0.0 0.0 0.0 0.0 0.0 0.0 0.0 0.0 0.0
WRP_LAC 0.0 0.0 0.0 0.0 0.0 0.0 0.0 0.0 0.0 0.0 0.0 0.0 0.0 0.0 0.0
WRP_LBP 0.0 0.0 0.0 0.0 0.0 0.0 0.0 0.0 0.0 0.0 0.0 0.0 0.0 0.0 0.0
WRP_LCP 0.0 0.0 0.0 0.0 0.0 0.0 0.0 0.0 0.0 0.0 0.0 0.0 0.0 0.0 0.0
WRP_LIT 0.0 0.0 0.0 0.0 0.0 0.0 0.0 0.0 0.0 0.0 0.0 0.0 0.0 0.0 0.0
WRP_MMS 0.0 0.0 0.0 0.0 0.0 0.0 0.0 0.0 0.0 0.0 0.0 0.0 0.0 0.0 0.0
WRP_PON 0.0 0.0 0.0 0.0 0.0 0.0 0.0 0.0 0.0 0.0 0.0 0.0 0.0 0.0 0.0
WRP_SJC 0.0 0.0 0.0 0.0 0.0 0.0 0.0 0.0 0.0 0.0 0.0 0.0 0.0 0.0 0.0
WRP_SJP 0.0 0.0 0.0 0.0 0.0 0.0 0.0 0.0 0.0 0.0 0.0 0.0 0.0 0.0 0.0
WRP_SMR 0.0 0.0 0.0 0.0 0.0 0.0 0.0 0.0 0.0 0.0 0.0 0.0 0.0 0.0 0.0
WRP_TAP 0.0 0.0 0.0 0.0 0.0 0.0 0.0 0.0 0.0 0.0 0.0 0.0 0.0 0.0 0.0
WRP_TER 0.0 0.0 0.0 0.0 0.0 0.0 0.0 0.0 0.0 0.0 0.0 0.0 0.0 0.0 0.0
WRP_TIL 0.0 0.0 0.0 0.0 0.0 0.0 0.0 0.0 0.0 0.0 0.0 0.0 0.0 0.0 0.0
WRP_WHP 0.0 0.0 0.0 0.0 0.0 0.0 0.0 0.0 0.0 0.0 0.0 0.0 0.0 0.0 0.0
VAD_ASE 0.0 0.0 0.0 0.0 0.0 0.0 0.0 0.0 0.0 0.0 0.0 0.0 0.0 0.0 0.0
VAD_BAL 0.0 0.0 0.0 0.0 0.0 0.0 0.0 0.0 0.0 0.0 0.0 0.0 0.0 0.0 0.0
VAD_BAC 0.0 0.0 0.0 0.0 0.0 0.0 0.0 0.0 0.0 0.0 0.0 0.0 0.0 0.0 0.0
VAD_SDL 0.0 0.0 0.0 0.0 0.0 0.0 0.0 0.0 0.0 0.0 0.0 0.0 0.0 0.0 0.0
VAD_BDU 0.0 0.0 0.0 0.0 0.0 0.0 0.0 0.0 0.0 0.0 0.0 0.0 0.0 0.0 0.0
VAD_BDS 0.0 0.0 0.0 0.0 0.0 0.0 0.0 0.0 0.0 0.0 0.0 0.0 0.0 0.0 0.0
VAD_BTD 0.0 0.0 0.0 0.0 0.0 0.0 0.0 0.0 0.0 0.0 0.0 0.0 0.0 0.0 0.0
VAD_BRF 0.0 0.0 0.0 0.0 0.0 0.0 0.0 0.0 0.0 0.0 0.0 0.0 0.0 0.0 0.0
VAD_BVS 0.0 0.0 0.0 0.0 0.0 0.0 0.0 0.0 0.0 0.0 0.0 0.0 0.0 0.0 0.0
VAD_BDM 0.0 0.0 0.0 0.0 0.0 0.0 0.0 0.0 0.0 0.0 0.0 0.0 0.0 0.0 0.0
VAD_COY 0.0 0.0 0.0 0.0 0.0 0.0 0.0 0.0 0.0 0.0 0.0 0.0 0.0 0.0 0.0
VAD_DOM 0.0 0.0 0.0 0.0 0.0 0.0 0.0 0.0 0.0 0.0 0.0 0.0 0.0 0.0 0.0
VAD_EAB 0.0 0.0 0.0 0.0 0.0 0.0 0.0 0.0 0.0 0.0 0.0 0.0 0.0 0.0 0.0
VAD_EAT 0.0 0.0 0.0 0.0 0.0 0.0 0.0 0.0 0.0 0.0 0.0 0.0 0.0 0.0 0.0
VAD_SDM 0.0 0.0 0.0 0.0 0.0 0.0 0.0 0.0 0.0 0.0 0.0 0.0 0.0 0.0 0.0
VAD_HAN 0.0 0.0 0.0 0.0 0.0 0.0 0.0 0.0 0.0 0.0 0.0 0.0 0.0 0.0 0.0
VAD_BDL 0.0 0.0 0.0 0.0 0.0 0.0 0.0 0.0 0.0 0.0 0.0 0.0 0.0 0.0 0.0
VAD_LIT 0.0 0.0 0.0 0.0 0.0 0.0 0.0 0.0 0.0 0.0 0.0 0.0 0.0 0.0 0.0
VAD_LOS 0.0 0.0 0.0 0.0 0.0 0.0 0.0 0.0 0.0 0.0 0.0 0.0 0.0 0.0 0.0
VAD_PCU 0.0 0.0 0.0 0.0 0.0 0.0 0.0 0.0 0.0 0.0 0.0 0.0 0.0 0.0 0.0
VAD_LAL 0.0 0.0 0.0 0.0 0.0 0.0 0.0 0.0 0.0 0.0 0.0 0.0 0.0 0.0 0.0
VAD_SGL 0.0 0.0 0.0 0.0 0.0 0.0 0.0 0.0 0.0 0.0 0.0 0.0 0.0 0.0 0.0
VAD_MAL 0.0 0.0 0.0 0.0 0.0 0.0 0.0 0.0 0.0 0.0 0.0 0.0 0.0 0.0 0.0
VAD_MAC 0.0 0.0 0.0 0.0 0.0 0.0 0.0 0.0 0.0 0.0 0.0 0.0 0.0 0.0 0.0
VAD_MOR 0.0 0.0 0.0 0.0 0.0 0.0 0.0 0.0 0.0 0.0 0.0 0.0 0.0 0.0 0.0
VAD_PCD 0.0 0.0 0.0 0.0 0.0 0.0 0.0 0.0 0.0 0.0 0.0 0.0 0.0 0.0 0.0
VAD_PCS 0.0 0.0 0.0 0.0 0.0 0.0 0.0 0.0 0.0 0.0 0.0 0.0 0.0 0.0 0.0
VAD_SAL 0.0 0.0 0.0 0.0 0.0 0.0 0.0 0.0 0.0 0.0 0.0 0.0 0.0 0.0 0.0
VAD_PUD 0.0 0.0 0.0 0.0 0.0 0.0 0.0 0.0 0.0 0.0 0.0 0.0 0.0 0.0 0.0
VAD_RHU 0.0 0.0 0.0 0.0 0.0 0.0 0.0 0.0 0.0 0.0 0.0 0.0 0.0 0.0 0.0
VAD_SND 0.0 0.0 0.0 0.0 0.0 0.0 0.0 0.0 0.0 0.0 0.0 0.0 0.0 0.0 0.0
VAD_SDU 0.0 0.0 0.0 0.0 0.0 0.0 0.0 0.0 0.0 0.0 0.0 0.0 0.0 0.0 0.0
VAD_SGD 0.0 0.0 0.0 0.0 0.0 0.0 0.0 0.0 0.0 0.0 0.0 0.0 0.0 0.0 0.0
VAD_SGU 0.0 0.0 0.0 0.0 0.0 0.0 0.0 0.0 0.0 0.0 0.0 0.0 0.0 0.0 0.0
VAD_SGC 0.0 0.0 0.0 0.0 0.0 0.0 0.0 0.0 0.0 0.0 0.0 0.0 0.0 0.0 0.0
VAD_SGP 0.0 0.0 0.0 0.0 0.0 0.0 0.0 0.0 0.0 0.0 0.0 0.0 0.0 0.0 0.0
VAD_SJC 0.0 0.0 0.0 0.0 0.0 0.0 0.0 0.0 0.0 0.0 0.0 0.0 0.0 0.0 0.0
VAD_SAC 0.0 0.0 0.0 0.0 0.0 0.0 0.0 0.0 0.0 0.0 0.0 0.0 0.0 0.0 0.0
VAD_SAU 0.0 0.0 0.0 0.0 0.0 0.0 0.0 0.0 0.0 0.0 0.0 0.0 0.0 0.0 0.0
VAD_SAW 0.0 0.0 0.0 0.0 0.0 0.0 0.0 0.0 0.0 0.0 0.0 0.0 0.0 0.0 0.0
VAD_SMD 0.0 0.0 0.0 0.0 0.0 0.0 0.0 0.0 0.0 0.0 0.0 0.0 0.0 0.0 0.0
VAD_THM 0.0 0.0 0.0 0.0 0.0 0.0 0.0 0.0 0.0 0.0 0.0 0.0 0.0 0.0 0.0
VAD_LAU 0.0 0.0 0.0 0.0 0.0 0.0 0.0 0.0 0.0 0.0 0.0 0.0 0.0 0.0 0.0
VAD_VER 0.0 0.0 0.0 0.0 0.0 0.0 0.0 0.0 0.0 0.0 0.0 0.0 0.0 0.0 0.0
VAD_WLL 0.0 0.0 0.0 0.0 0.0 0.0 0.0 0.0 0.0 0.0 0.0 0.0 0.0 0.0 0.0
VAD_WLU 0.0 0.0 0.0 0.0 0.0 0.0 0.0 0.0 0.0 0.0 0.0 0.0 0.0 0.0 0.0
