6402 1986 1 3022.88065456
6402 1986 2 5467.74496068
6402 1986 3 4578.13141203
6402 1986 4 814.545592635
6402 1986 5 333.222363889
6402 1986 6 183.750436348
6402 1986 7 142.318063683
6402 1986 8 92.239445342
6402 1986 9 525.481360535
6402 1986 10 140.303963259
6402 1986 11 327.83766517
6402 1986 12 123.09529231
6402 1987 1 465.889690835
6402 1987 2 396.310017481
6402 1987 3 378.289392347
6402 1987 4 127.499356769
6402 1987 5 77.6126048523
6402 1987 6 65.0942317289
6402 1987 7 75.3381571619
6402 1987 8 68.8354050179
6402 1987 9 97.6013329688
6402 1987 10 1046.01087634
6402 1987 11 960.638319808
6402 1987 12 916.648021021
6402 1988 1 1205.92686942
6402 1988 2 1007.58408569
6402 1988 3 797.044289475
6402 1988 4 1460.39682763
6402 1988 5 401.033430286
6402 1988 6 182.237598664
6402 1988 7 108.018389361
6402 1988 8 110.207711036
6402 1988 9 84.8365244627
6402 1988 10 50.724175895
6402 1988 11 382.380046319
6402 1988 12 1532.70934531
6402 1989 1 469.987348291
6402 1989 2 1487.84478336
6402 1989 3 511.789993358
6402 1989 4 189.086446283
6402 1989 5 126.228861752
6402 1989 6 80.8132322075
6402 1989 7 80.4666031816
6402 1989 8 76.2277337191
6402 1989 9 260.40558296
6402 1989 10 135.767568759
6402 1989 11 167.275280075
6402 1989 12 57.9562710488
6402 1990 1 598.70646276
6402 1990 2 1086.31474896
6402 1990 3 140.302610963
6402 1990 4 453.825056917
6402 1990 5 367.875447588
6402 1990 6 120.76949624
6402 1990 7 119.445314558
6402 1990 8 83.6180898062
6402 1990 9 78.5459213859
6402 1990 10 60.4948347823
6402 1990 11 149.612181876
6402 1990 12 27.9934899535
6402 1991 1 438.236248554
6402 1991 2 2426.90182095
6402 1991 3 6720.70099057
6402 1991 4 974.105816435
6402 1991 5 331.450029381
6402 1991 6 153.281371929
6402 1991 7 114.359028424
6402 1991 8 74.196069725
6402 1991 9 82.2300276064
6402 1991 10 220.122872731
6402 1991 11 51.1995307197
6402 1991 12 951.184044152
6402 1992 1 1324.45214071
6402 1992 2 12467.9031276
6402 1992 3 7312.81652399
6402 1992 4 1207.56929065
6402 1992 5 443.786719881
6402 1992 6 212.886954796
6402 1992 7 278.850765662
6402 1992 8 117.88273924
6402 1992 9 82.1807021683
6402 1992 10 475.619386005
6402 1992 11 88.5500509068
6402 1992 12 2222.11474323
6402 1993 1 16356.4837348
6402 1993 2 11333.4342191
6402 1993 3 3432.01340699
6402 1993 4 979.808010503
6402 1993 5 358.840190112
6402 1993 6 580.466627606
6402 1993 7 157.739135094
6402 1993 8 86.761809322
6402 1993 9 67.408156148
6402 1993 10 79.5032211426
6402 1993 11 235.564331614
6402 1993 12 308.272756835
6402 1994 1 134.348282631
6402 1994 2 1155.77228122
6402 1994 3 848.57155911
6402 1994 4 451.004151888
6402 1994 5 280.468572171
6402 1994 6 160.75334082
6402 1994 7 109.700475892
6402 1994 8 92.1110618554
6402 1994 9 71.6758105525
6402 1994 10 239.343963391
6402 1994 11 165.623582286
6402 1994 12 248.258745629
6402 1995 1 12118.6843691
6402 1995 2 3824.06469313
6402 1995 3 8932.84128614
6402 1995 4 1359.18643184
6402 1995 5 430.556999299
6402 1995 6 593.898602135
6402 1995 7 227.420115708
6402 1995 8 133.543126276
6402 1995 9 90.1967299083
6402 1995 10 61.9732106144
6402 1995 11 26.4937170244
6402 1995 12 234.87676733
6402 1996 1 658.007321819
6402 1996 2 4671.62144095
6402 1996 3 2906.83423675
6402 1996 4 757.412596337
6402 1996 5 305.892278871
6402 1996 6 147.555356445
6402 1996 7 110.552799468
6402 1996 8 90.5535638051
6402 1996 9 79.7853955363
6402 1996 10 291.235023505
6402 1996 11 647.813283841
6402 1996 12 2179.52283163
6402 1997 1 3279.87798966
6402 1997 2 642.684499701
6402 1997 3 267.418459824
6402 1997 4 165.845472153
6402 1997 5 112.838150726
6402 1997 6 77.5660999202
6402 1997 7 78.5718007172
6402 1997 8 75.0511120409
6402 1997 9 179.486500241
6402 1997 10 69.676629045
6402 1997 11 625.048072716
6402 1997 12 1069.43010853
6402 1998 1 1079.92762044
6402 1998 2 17725.333321
6402 1998 3 4433.73269895
6402 1998 4 2076.94552304
6402 1998 5 2501.14939802
6402 1998 6 386.210054798
6402 1998 7 248.357425397
6402 1998 8 154.85694582
6402 1998 9 89.0897550921
6402 1998 10 50.9872726285
6402 1998 11 301.677872637
6402 1998 12 119.630268273
6402 1999 1 483.467979468
6402 1999 2 318.942010917
6402 1999 3 367.469037061
6402 1999 4 886.44541765
6402 1999 5 243.135680573
6402 1999 6 279.68711444
6402 1999 7 124.557358115
6402 1999 8 104.471149053
6402 1999 9 83.2530582061
6402 1999 10 74.9374316137
6402 1999 11 71.7596692518
6402 1999 12 75.5705439758
6402 2000 1 217.959945276
6402 2000 2 3650.24972991
6402 2000 3 2212.46113104
6402 2000 4 1331.9582573
6402 2000 5 384.78200052
6402 2000 6 195.738107135
6402 2000 7 130.905181656
6402 2000 8 134.675323611
6402 2000 9 136.554831711
6402 2000 10 281.463929803
6402 2000 11 50.9536145673
6402 2000 12 26.8255102903
6402 2001 1 1259.75339254
6402 2001 2 3732.38707108
6402 2001 3 1664.03345432
6402 2001 4 983.074457059
6402 2001 5 325.597166191
6402 2001 6 182.446707615
6402 2001 7 142.709751145
6402 2001 8 95.1897090821
6402 2001 9 73.8534129754
6402 2001 10 59.0454996286
6402 2001 11 461.515430071
6402 2001 12 309.845401841
6402 2002 1 363.613117624
6402 2002 2 138.999512013
6402 2002 3 180.320436677
6402 2002 4 70.8019886992
6402 2002 5 91.1380367482
6402 2002 6 67.7950266422
6402 2002 7 72.169659
6402 2002 8 73.4556409145
6402 2002 9 115.327004851
6402 2002 10 54.7748795493
6402 2002 11 706.534914967
6402 2002 12 991.127352584
6402 2003 1 125.591768175
6402 2003 2 2742.82120069
6402 2003 3 2560.76980831
6402 2003 4 1052.83880745
6402 2003 5 861.99377176
6402 2003 6 265.667309736
6402 2003 7 155.407425348
6402 2003 8 114.056414285
6402 2003 9 87.049627953
6402 2003 10 179.450391703
6402 2003 11 196.258333233
6402 2003 12 536.11053368
6402 2004 1 190.869325141
6402 2004 2 2562.84839709
6402 2004 3 1165.2045597
6402 2004 4 282.640286786
6402 2004 5 162.659252268
6402 2004 6 94.5132471941
6402 2004 7 89.1889869613
6402 2004 8 83.0217232422
6402 2004 9 82.5760270518
6402 2004 10 3006.3027397
6402 2004 11 704.515306615
6402 2004 12 5063.59336699
6402 2005 1 15448.7130134
6402 2005 2 11956.4757612
6402 2005 3 3211.07520443
6402 2005 4 963.776161109
6402 2005 5 545.921079204
6402 2005 6 265.205017445
6402 2005 7 183.563213852
6402 2005 8 106.933961575
6402 2005 9 111.533168458
6402 2005 10 550.797110381
6402 2005 11 61.0616516449
6402 2005 12 415.589673472
6402 2006 1 854.449646018
6402 2006 2 889.467589346
6402 2006 3 2101.79912401
6402 2006 4 2577.30937388
6402 2006 5 659.935842617
6402 2006 6 299.681414239
6402 2006 7 175.569331552
6402 2006 8 98.4599537581
6402 2006 9 81.7347635826
6402 2006 10 71.1753484944
6402 2006 11 29.9639542685
6402 2006 12 184.656935108
6402 2007 1 146.561007372
6402 2007 2 465.22567747
6402 2007 3 81.496889878
6402 2007 4 218.59737284
6402 2007 5 94.8757009267
6402 2007 6 91.7982319826
6402 2007 7 129.201377823
6402 2007 8 128.65376996
6402 2007 9 392.749804469
6402 2007 10 160.951832231
6402 2007 11 149.996541154
6402 2007 12 673.043504403
6402 2008 1 7890.58404628
6402 2008 2 2158.54239921
6402 2008 3 626.954038264
6402 2008 4 268.610778089
6402 2008 5 251.531677735
6402 2008 6 142.455057735
6402 2008 7 141.404795382
6402 2008 8 119.461525668
6402 2008 9 89.2726869612
6402 2008 10 72.7883103324
6402 2008 11 728.927546572
6402 2008 12 745.161780301
6402 2009 1 305.452074041
6402 2009 2 2297.86795469
6402 2009 3 417.571856809
6402 2009 4 216.547662349
6402 2009 5 166.512698319
6402 2009 6 87.8688204373
6402 2009 7 131.91642497
6402 2009 8 124.033205892
6402 2009 9 101.570122397
6402 2009 10 439.162653247
6402 2009 11 54.748655572
6402 2009 12 824.288911176
6402 2010 1 3240.43445131
6402 2010 2 3060.95919769
6402 2010 3 1309.58784131
6402 2010 4 1030.36973631
6402 2010 5 329.995105987
6402 2010 6 182.825244814
6402 2010 7 134.663490567
6402 2010 8 112.720776712
6402 2010 9 74.1397922696
6402 2010 10 456.872929899
6402 2010 11 329.353397188
6402 2010 12 6765.18989017
6402 2011 1 1476.654822
6402 2011 2 2627.66860235
6402 2011 3 5162.83364915
6402 2011 4 979.324924016
6402 2011 5 503.026599215
6402 2011 6 211.144061042
6402 2011 7 137.097459895
6402 2011 8 88.3952521846
6402 2011 9 59.2466657296
6402 2011 10 395.635441926
6402 2011 11 495.846516786
6402 2011 12 191.429790957
6402 2012 1 278.892258757
6402 2012 2 119.140912811
6402 2012 3 802.160724893
6402 2012 4 818.383998112
6402 2012 5 0
6402 2012 6 0
6402 2012 7 0
6402 2012 8 0
6402 2012 9 0
6402 2012 10 0
6402 2012 11 0
6402 2012 12 0
