1007 1986 1 7418.21284141
1007 1986 2 16130.7554137
1007 1986 3 13115.5616375
1007 1986 4 2082.13628126
1007 1986 5 846.163553147
1007 1986 6 527.732877772
1007 1986 7 687.338710488
1007 1986 8 511.249184607
1007 1986 9 3862.64384242
1007 1986 10 827.93983706
1007 1986 11 2073.65063786
1007 1986 12 706.820366598
1007 1987 1 2565.42835338
1007 1987 2 1950.89668713
1007 1987 3 1819.85389025
1007 1987 4 436.093470881
1007 1987 5 293.024876094
1007 1987 6 431.372721255
1007 1987 7 430.752878456
1007 1987 8 568.9443014
1007 1987 9 524.259765708
1007 1987 10 4551.79355674
1007 1987 11 2059.4025506
1007 1987 12 3480.78576831
1007 1988 1 4289.54267307
1007 1988 2 3506.57810744
1007 1988 3 806.706193285
1007 1988 4 4292.06055948
1007 1988 5 679.762486316
1007 1988 6 602.922618196
1007 1988 7 549.587573233
1007 1988 8 747.785652672
1007 1988 9 518.175482972
1007 1988 10 305.496488953
1007 1988 11 1737.04867038
1007 1988 12 4872.55303459
1007 1989 1 948.628064795
1007 1989 2 4127.54044192
1007 1989 3 1939.83078214
1007 1989 4 451.295745257
1007 1989 5 435.251392132
1007 1989 6 385.834897099
1007 1989 7 557.411721935
1007 1989 8 528.586159147
1007 1989 9 750.092913727
1007 1989 10 807.735504779
1007 1989 11 876.094512428
1007 1989 12 276.221254704
1007 1990 1 2399.53126434
1007 1990 2 6680.18890674
1007 1990 3 530.932565763
1007 1990 4 1152.78203326
1007 1990 5 1993.52590551
1007 1990 6 604.821838907
1007 1990 7 826.967932185
1007 1990 8 679.776048127
1007 1990 9 546.77300283
1007 1990 10 444.048801582
1007 1990 11 922.866632262
1007 1990 12 328.354759206
1007 1991 1 2758.48033025
1007 1991 2 7697.61171337
1007 1991 3 11449.9338788
1007 1991 4 1082.68049851
1007 1991 5 710.263687163
1007 1991 6 443.194479628
1007 1991 7 486.013622654
1007 1991 8 392.031982103
1007 1991 9 371.333175681
1007 1991 10 1012.6367789
1007 1991 11 299.988188051
1007 1991 12 5884.45006463
1007 1992 1 4785.96089966
1007 1992 2 20297.7540274
1007 1992 3 14347.3201931
1007 1992 4 1519.07112676
1007 1992 5 764.406227944
1007 1992 6 533.057947127
1007 1992 7 794.876856148
1007 1992 8 527.820211176
1007 1992 9 445.811394208
1007 1992 10 2204.03054983
1007 1992 11 360.886134317
1007 1992 12 8585.94514374
1007 1993 1 32994.0678998
1007 1993 2 22452.576625
1007 1993 3 6062.16686414
1007 1993 4 1387.84351866
1007 1993 5 815.697040066
1007 1993 6 2277.79993673
1007 1993 7 578.146576219
1007 1993 8 427.438372462
1007 1993 9 380.399063578
1007 1993 10 419.055982615
1007 1993 11 1385.08748903
1007 1993 12 1486.82535936
1007 1994 1 795.825683346
1007 1994 2 7309.91094373
1007 1994 3 2890.49045837
1007 1994 4 1281.2059938
1007 1994 5 527.275545079
1007 1994 6 475.13318405
1007 1994 7 568.896076361
1007 1994 8 602.632809122
1007 1994 9 515.665887016
1007 1994 10 864.513834023
1007 1994 11 1404.40932131
1007 1994 12 2020.21077162
1007 1995 1 35094.7791499
1007 1995 2 4897.46159244
1007 1995 3 16875.9761978
1007 1995 4 2665.27245138
1007 1995 5 1220.16709262
1007 1995 6 1290.83636666
1007 1995 7 592.445517188
1007 1995 8 569.312503916
1007 1995 9 562.957772502
1007 1995 10 377.688327108
1007 1995 11 188.296423299
1007 1995 12 2229.80386244
1007 1996 1 4557.46000094
1007 1996 2 11670.016439
1007 1996 3 5432.36089294
1007 1996 4 1696.11347387
1007 1996 5 744.687746056
1007 1996 6 571.81556541
1007 1996 7 639.244251189
1007 1996 8 592.397716214
1007 1996 9 508.872666172
1007 1996 10 2296.15298682
1007 1996 11 3869.5672384
1007 1996 12 10248.1198319
1007 1997 1 12499.1541779
1007 1997 2 1206.18835218
1007 1997 3 781.560994491
1007 1997 4 545.795880479
1007 1997 5 524.141026525
1007 1997 6 605.159236078
1007 1997 7 608.343036055
1007 1997 8 547.78563489
1007 1997 9 944.691664996
1007 1997 10 417.360643626
1007 1997 11 4064.3813934
1007 1997 12 6315.12712752
1007 1998 1 7697.69090569
1007 1998 2 37419.5234235
1007 1998 3 9972.65224693
1007 1998 4 3636.2443024
1007 1998 5 5868.47427038
1007 1998 6 985.833263328
1007 1998 7 725.131452186
1007 1998 8 622.221349317
1007 1998 9 481.394564256
1007 1998 10 313.739808774
1007 1998 11 2113.20344808
1007 1998 12 752.932687804
1007 1999 1 2505.88973896
1007 1999 2 1044.53998775
1007 1999 3 2617.63173528
1007 1999 4 4070.0543396
1007 1999 5 639.629498122
1007 1999 6 1473.63521218
1007 1999 7 601.931491249
1007 1999 8 528.893323198
1007 1999 9 452.36030382
1007 1999 10 411.996481064
1007 1999 11 813.626486719
1007 1999 12 466.931296315
1007 2000 1 1462.34199383
1007 2000 2 12385.0987106
1007 2000 3 5678.09954933
1007 2000 4 3988.40584944
1007 2000 5 715.451310345
1007 2000 6 594.523101748
1007 2000 7 581.421959218
1007 2000 8 633.460354386
1007 2000 9 679.573585603
1007 2000 10 1949.78482548
1007 2000 11 341.77541724
1007 2000 12 218.848591981
1007 2001 1 8827.85391272
1007 2001 2 16648.9382814
1007 2001 3 4451.40775203
1007 2001 4 2924.08533826
1007 2001 5 650.275047451
1007 2001 6 559.063970885
1007 2001 7 593.466729436
1007 2001 8 489.696673147
1007 2001 9 386.63227691
1007 2001 10 333.529878234
1007 2001 11 2835.8097581
1007 2001 12 2172.23654485
1007 2002 1 1807.06145769
1007 2002 2 742.740852178
1007 2002 3 755.453162063
1007 2002 4 216.043508907
1007 2002 5 379.625465658
1007 2002 6 352.933559657
1007 2002 7 438.021185292
1007 2002 8 441.024923946
1007 2002 9 458.056666898
1007 2002 10 282.338516716
1007 2002 11 3901.76076027
1007 2002 12 5846.18335141
1007 2003 1 427.692951277
1007 2003 2 9740.99490169
1007 2003 3 9065.82912672
1007 2003 4 2411.41505801
1007 2003 5 2193.45017022
1007 2003 6 398.811387033
1007 2003 7 536.962504924
1007 2003 8 592.802692517
1007 2003 9 472.891180474
1007 2003 10 790.307447109
1007 2003 11 1322.89831587
1007 2003 12 2861.50460696
1007 2004 1 879.040830285
1007 2004 2 10977.5881477
1007 2004 3 2354.15616
1007 2004 4 687.398849996
1007 2004 5 551.716250401
1007 2004 6 420.261563886
1007 2004 7 469.220654602
1007 2004 8 499.418811036
1007 2004 9 493.779832374
1007 2004 10 10239.7030874
1007 2004 11 1305.21234781
1007 2004 12 16976.1727041
1007 2005 1 31370.8801843
1007 2005 2 30199.0511304
1007 2005 3 5464.05900932
1007 2005 4 2831.66622143
1007 2005 5 1093.9054316
1007 2005 6 580.518848646
1007 2005 7 597.819168901
1007 2005 8 530.891323767
1007 2005 9 744.395025373
1007 2005 10 2614.06783984
1007 2005 11 706.733513692
1007 2005 12 2888.02942304
1007 2006 1 3152.03538829
1007 2006 2 4375.83003191
1007 2006 3 5558.16719196
1007 2006 4 4965.55296708
1007 2006 5 1735.00880298
1007 2006 6 646.610231764
1007 2006 7 757.580827866
1007 2006 8 587.951318855
1007 2006 9 539.042986564
1007 2006 10 654.084731053
1007 2006 11 450.021206099
1007 2006 12 1118.34279055
1007 2007 1 470.57508697
1007 2007 2 1947.40640102
1007 2007 3 255.467629929
1007 2007 4 938.586461308
1007 2007 5 206.491784995
1007 2007 6 196.13441409
1007 2007 7 264.251367144
1007 2007 8 283.211876136
1007 2007 9 1450.70959883
1007 2007 10 1508.70156738
1007 2007 11 920.596975089
1007 2007 12 2945.03802412
1007 2008 1 15579.7276668
1007 2008 2 3547.0855856
1007 2008 3 801.73543864
1007 2008 4 490.813916482
1007 2008 5 572.187766137
1007 2008 6 314.855326981
1007 2008 7 352.228914526
1007 2008 8 290.403979003
1007 2008 9 231.887160028
1007 2008 10 199.274332695
1007 2008 11 2643.28299135
1007 2008 12 4490.41084611
1007 2009 1 944.453949558
1007 2009 2 7022.80828357
1007 2009 3 856.60669273
1007 2009 4 425.483222749
1007 2009 5 351.539458929
1007 2009 6 345.611665834
1007 2009 7 296.092253727
1007 2009 8 318.068235795
1007 2009 9 259.834598487
1007 2009 10 3173.87955254
1007 2009 11 216.354891288
1007 2009 12 4764.25946487
1007 2010 1 9321.36187743
1007 2010 2 10600.8180868
1007 2010 3 1763.47423515
1007 2010 4 2871.71475745
1007 2010 5 600.258058872
1007 2010 6 380.453586144
1007 2010 7 310.223934814
1007 2010 8 297.146518746
1007 2010 9 246.910674791
1007 2010 10 2043.95024653
1007 2010 11 1230.59499633
1007 2010 12 20654.8919511
1007 2011 1 2310.38210613
1007 2011 2 5846.9547979
1007 2011 3 10346.218866
1007 2011 4 1030.16854847
1007 2011 5 1237.64049237
1007 2011 6 426.956952226
1007 2011 7 392.066451261
1007 2011 8 318.801379497
1007 2011 9 243.812572228
1007 2011 10 2050.46816023
1007 2011 11 2438.38250369
1007 2011 12 1119.2188057
1007 2012 1 1743.88646654
1007 2012 2 441.787713198
1007 2012 3 3239.33882014
1007 2012 4 2816.09022351
1007 2012 5 0
1007 2012 6 0
1007 2012 7 0
1007 2012 8 0
1007 2012 9 0
1007 2012 10 0
1007 2012 11 0
1007 2012 12 0
