1001 1986 1 7483.62987016
1001 1986 2 16242.5678794
1001 1986 3 13211.4755991
1001 1986 4 2093.8070511
1001 1986 5 852.01933575
1001 1986 6 530.220056669
1001 1986 7 690.291070086
1001 1986 8 513.490303353
1001 1986 9 3872.37386568
1001 1986 10 832.711259889
1001 1986 11 2088.3920523
1001 1986 12 711.92834379
1001 1987 1 2582.03508441
1001 1987 2 1961.17800348
1001 1987 3 1831.30754734
1001 1987 4 438.282649712
1001 1987 5 294.163092668
1001 1987 6 432.938406036
1001 1987 7 432.106478954
1001 1987 8 571.24062496
1001 1987 9 526.405023364
1001 1987 10 4561.67984459
1001 1987 11 2078.53314903
1001 1987 12 3493.32725702
1001 1988 1 4297.71649542
1001 1988 2 3529.15732707
1001 1988 3 815.061908393
1001 1988 4 4294.95345395
1001 1988 5 682.129403293
1001 1988 6 605.54981996
1001 1988 7 552.193305363
1001 1988 8 749.808719594
1001 1988 9 520.42088394
1001 1988 10 307.323947473
1001 1988 11 1744.54516677
1001 1988 12 4907.61528585
1001 1989 1 957.738242158
1001 1989 2 4139.89055388
1001 1989 3 1953.90423051
1001 1989 4 453.593978117
1001 1989 5 436.953856849
1001 1989 6 387.367232742
1001 1989 7 559.919278444
1001 1989 8 530.85827261
1001 1989 9 753.949549944
1001 1989 10 809.820954158
1001 1989 11 883.818361426
1001 1989 12 272.969129522
1001 1990 1 2406.96391911
1001 1990 2 6743.89163006
1001 1990 3 534.888378499
1001 1990 4 1157.33723417
1001 1990 5 2007.6324828
1001 1990 6 607.715199795
1001 1990 7 831.165190504
1001 1990 8 682.691623374
1001 1990 9 549.706863257
1001 1990 10 446.594171361
1001 1990 11 931.004889986
1001 1990 12 331.298928974
1001 1991 1 2775.56077917
1001 1991 2 7706.69338582
1001 1991 3 11538.6537806
1001 1991 4 1090.78704762
1001 1991 5 714.80176594
1001 1991 6 445.167356998
1001 1991 7 488.407131848
1001 1991 8 393.462194582
1001 1991 9 373.231934257
1001 1991 10 1015.58063448
1001 1991 11 301.598512604
1001 1991 12 5918.44435257
1001 1992 1 4812.7913435
1001 1992 2 20384.182202
1001 1992 3 14427.1430412
1001 1992 4 1529.8675768
1001 1992 5 769.385557879
1001 1992 6 535.647314394
1001 1992 7 799.597746579
1001 1992 8 530.350203318
1001 1992 9 448.531035599
1001 1992 10 2214.85674393
1001 1992 11 363.770570478
1001 1992 12 8630.82833188
1001 1993 1 33266.658527
1001 1993 2 22633.0045341
1001 1993 3 6111.91874189
1001 1993 4 1399.89824331
1001 1993 5 821.604762693
1001 1993 6 2287.06972215
1001 1993 7 581.527009493
1001 1993 8 429.47012693
1001 1993 9 382.391473968
1001 1993 10 420.891284246
1001 1993 11 1394.52803188
1001 1993 12 1501.20384175
1001 1994 1 800.554285604
1001 1994 2 7403.50420596
1001 1994 3 2904.5158129
1001 1994 4 1287.12220367
1001 1994 5 529.518649349
1001 1994 6 476.842938862
1001 1994 7 571.442705445
1001 1994 8 605.225719065
1001 1994 9 518.689497817
1001 1994 10 866.946034174
1001 1994 11 1416.46192501
1001 1994 12 2032.89884663
1001 1995 1 35296.7922515
1001 1995 2 4936.31319035
1001 1995 3 16995.0598012
1001 1995 4 2698.37717915
1001 1995 5 1236.65506054
1001 1995 6 1298.28224534
1001 1995 7 594.911062634
1001 1995 8 571.930282709
1001 1995 9 566.019222201
1001 1995 10 379.656514059
1001 1995 11 189.606449995
1001 1995 12 2253.64124303
1001 1996 1 4573.55169737
1001 1996 2 11739.2007927
1001 1996 3 5458.60998307
1001 1996 4 1710.67320546
1001 1996 5 748.961146984
1001 1996 6 574.334227916
1001 1996 7 641.731301579
1001 1996 8 594.800633959
1001 1996 9 511.953491591
1001 1996 10 2314.97282345
1001 1996 11 3903.86506102
1001 1996 12 10316.1921368
1001 1997 1 12619.6709718
1001 1997 2 1218.4349932
1001 1997 3 787.282832107
1001 1997 4 548.775904319
1001 1997 5 526.218396285
1001 1997 6 607.02260315
1001 1997 7 610.734875865
1001 1997 8 550.125426908
1001 1997 9 947.513152659
1001 1997 10 420.152307159
1001 1997 11 4093.00366425
1001 1997 12 6375.45935348
1001 1998 1 7744.41928498
1001 1998 2 37673.2900225
1001 1998 3 10024.4974049
1001 1998 4 3687.94372694
1001 1998 5 5919.08025339
1001 1998 6 992.005119466
1001 1998 7 728.752958918
1001 1998 8 624.745377683
1001 1998 9 483.942342362
1001 1998 10 315.719200169
1001 1998 11 2114.68563217
1001 1998 12 763.632077381
1001 1999 1 2517.31982179
1001 1999 2 1052.89749946
1001 1999 3 2640.94498966
1001 1999 4 4090.73250429
1001 1999 5 629.281756521
1001 1999 6 1488.65384761
1001 1999 7 603.770937966
1001 1999 8 531.242065181
1001 1999 9 454.523769994
1001 1999 10 413.808060219
1001 1999 11 819.791013391
1001 1999 12 467.856020394
1001 2000 1 1473.57700175
1001 2000 2 12455.557784
1001 2000 3 5698.77760142
1001 2000 4 4013.72076519
1001 2000 5 719.987575973
1001 2000 6 597.321053557
1001 2000 7 584.252804439
1001 2000 8 636.358855083
1001 2000 9 683.224151859
1001 2000 10 1966.35116653
1001 2000 11 344.226348374
1001 2000 12 220.300522336
1001 2001 1 8842.28726043
1001 2001 2 16742.6930859
1001 2001 3 4485.07211215
1001 2001 4 2941.82314198
1001 2001 5 653.764265225
1001 2001 6 560.993456134
1001 2001 7 596.370730881
1001 2001 8 491.516653007
1001 2001 9 388.095695273
1001 2001 10 335.530880205
1001 2001 11 2846.86352744
1001 2001 12 2192.20058313
1001 2002 1 1810.39177599
1001 2002 2 752.453864244
1001 2002 3 757.069336419
1001 2002 4 216.911590661
1001 2002 5 380.799046475
1001 2002 6 354.133260449
1001 2002 7 439.477826509
1001 2002 8 442.828265386
1001 2002 9 459.869870673
1001 2002 10 283.87527911
1001 2002 11 3935.28764319
1001 2002 12 5881.95856339
1001 2003 1 430.280153052
1001 2003 2 9784.5223107
1001 2003 3 9131.75175513
1001 2003 4 2415.55353293
1001 2003 5 2207.17277435
1001 2003 6 400.485958315
1001 2003 7 538.904843978
1001 2003 8 594.951428193
1001 2003 9 475.216762824
1001 2003 10 779.862352816
1001 2003 11 1347.47152093
1001 2003 12 2868.48275485
1001 2004 1 885.176053573
1001 2004 2 11024.1116364
1001 2004 3 2385.33537729
1001 2004 4 691.175163977
1001 2004 5 554.86083144
1001 2004 6 422.018715573
1001 2004 7 471.0409298
1001 2004 8 501.620438896
1001 2004 9 496.359642585
1001 2004 10 10289.5321855
1001 2004 11 1312.05126985
1001 2004 12 17021.7072862
1001 2005 1 31529.7978168
1001 2005 2 30386.5764099
1001 2005 3 5486.26469167
1001 2005 4 2839.82053093
1001 2005 5 1098.10362299
1001 2005 6 582.806390584
1001 2005 7 599.942453452
1001 2005 8 532.62189542
1001 2005 9 747.268519854
1001 2005 10 2629.37290532
1001 2005 11 712.208101304
1001 2005 12 2889.27383389
1001 2006 1 3194.3855024
1001 2006 2 4382.58036481
1001 2006 3 5583.88555729
1001 2006 4 4989.66395092
1001 2006 5 1742.39500457
1001 2006 6 649.45980899
1001 2006 7 761.273525237
1001 2006 8 590.873261924
1001 2006 9 541.860448067
1001 2006 10 656.136792342
1001 2006 11 453.980513438
1001 2006 12 1127.98880895
1001 2007 1 472.68128157
1001 2007 2 1955.09495756
1001 2007 3 256.700838568
1001 2007 4 942.06548305
1001 2007 5 207.12786736
1001 2007 6 196.743273657
1001 2007 7 264.975711067
1001 2007 8 284.189265068
1001 2007 9 1456.90764607
1001 2007 10 1519.17106746
1001 2007 11 918.225263404
1001 2007 12 2971.59698396
1001 2008 1 15654.9324921
1001 2008 2 3573.91543481
1001 2008 3 806.990202469
1001 2008 4 493.584826339
1001 2008 5 574.602055988
1001 2008 6 315.991941665
1001 2008 7 353.556687669
1001 2008 8 291.658422709
1001 2008 9 232.914089099
1001 2008 10 200.156829616
1001 2008 11 2659.4752252
1001 2008 12 4518.78301146
1001 2009 1 948.955354248
1001 2009 2 7061.32457271
1001 2009 3 860.635252504
1001 2009 4 427.658452686
1001 2009 5 353.200109166
1001 2009 6 347.348463446
1001 2009 7 296.886839806
1001 2009 8 318.633375908
1001 2009 9 261.292910208
1001 2009 10 3196.92620755
1001 2009 11 217.788081886
1001 2009 12 4789.24132028
1001 2010 1 9377.84609463
1001 2010 2 10656.96179
1001 2010 3 1774.67122716
1001 2010 4 2890.63117795
1001 2010 5 604.03307096
1001 2010 6 382.577293476
1001 2010 7 311.660256646
1001 2010 8 298.226575753
1001 2010 9 248.009221717
1001 2010 10 2056.27076591
1001 2010 11 1235.54429994
1001 2010 12 20783.6691847
1001 2011 1 2330.97717388
1001 2011 2 5877.77389001
1001 2011 3 10416.3046424
1001 2011 4 1039.40563874
1001 2011 5 1246.5178597
1001 2011 6 429.548753393
1001 2011 7 394.036538365
1001 2011 8 320.139089172
1001 2011 9 245.181488383
1001 2011 10 2058.04184531
1001 2011 11 2450.40710234
1001 2011 12 1120.68759908
1001 2012 1 1747.96895915
1001 2012 2 442.396589194
1001 2012 3 3241.82348941
1001 2012 4 2824.32647373
1001 2012 5 0
1001 2012 6 0
1001 2012 7 0
1001 2012 8 0
1001 2012 9 0
1001 2012 10 0
1001 2012 11 0
1001 2012 12 0
