5459 1986 1 506.030830067
5459 1986 2 1239.23200685
5459 1986 3 1419.18508492
5459 1986 4 400.220416702
5459 1986 5 31.9359082701
5459 1986 6 17.5009194438
5459 1986 7 16.6248133849
5459 1986 8 18.1603667593
5459 1986 9 173.404320262
5459 1986 10 30.1696956198
5459 1986 11 69.4460551717
5459 1986 12 27.95683888
5459 1987 1 205.258687915
5459 1987 2 68.3407672532
5459 1987 3 58.6948038942
5459 1987 4 20.0053065255
5459 1987 5 10.8305100027
5459 1987 6 11.222025915
5459 1987 7 8.70665134964
5459 1987 8 13.4905725639
5459 1987 9 16.901706787
5459 1987 10 218.34888732
5459 1987 11 116.405508467
5459 1987 12 144.082574561
5459 1988 1 259.417873369
5459 1988 2 175.826135882
5459 1988 3 221.865663506
5459 1988 4 192.442750466
5459 1988 5 46.6556192245
5459 1988 6 16.3148610733
5459 1988 7 15.1580861973
5459 1988 8 13.6399654663
5459 1988 9 23.5439977499
5459 1988 10 13.1656649438
5459 1988 11 79.8004095921
5459 1988 12 301.804834005
5459 1989 1 77.9621898564
5459 1989 2 353.106024396
5459 1989 3 73.9322202394
5459 1989 4 20.5642784735
5459 1989 5 13.6559827943
5459 1989 6 11.8719305227
5459 1989 7 16.7795623156
5459 1989 8 17.2849927292
5459 1989 9 38.093433057
5459 1989 10 28.2975976255
5459 1989 11 40.8788629613
5459 1989 12 16.8838684223
5459 1990 1 117.643802837
5459 1990 2 247.767394763
5459 1990 3 29.3707263427
5459 1990 4 78.7708454508
5459 1990 5 65.8944448317
5459 1990 6 15.9103385378
5459 1990 7 22.7730185522
5459 1990 8 20.227213257
5459 1990 9 23.1882330331
5459 1990 10 18.5837552993
5459 1990 11 36.3686766326
5459 1990 12 9.6717027549
5459 1991 1 165.039793599
5459 1991 2 529.318088361
5459 1991 3 1274.87346431
5459 1991 4 333.379817726
5459 1991 5 38.6243336076
5459 1991 6 14.3725814835
5459 1991 7 13.6743794506
5459 1991 8 14.6459555159
5459 1991 9 18.7096774015
5459 1991 10 47.3114585032
5459 1991 11 12.9954952546
5459 1991 12 120.720207553
5459 1992 1 196.87104276
5459 1992 2 1497.94733554
5459 1992 3 1755.1076003
5459 1992 4 329.025451704
5459 1992 5 36.5418809776
5459 1992 6 16.7458223801
5459 1992 7 37.5973586692
5459 1992 8 19.5409537221
5459 1992 9 19.1698730953
5459 1992 10 137.326802852
5459 1992 11 16.8989193398
5459 1992 12 382.330701385
5459 1993 1 4075.57621931
5459 1993 2 3018.87920709
5459 1993 3 564.761834813
5459 1993 4 262.548222025
5459 1993 5 24.1843731758
5459 1993 6 78.6916413619
5459 1993 7 16.8201067651
5459 1993 8 14.8114489586
5459 1993 9 16.4987141029
5459 1993 10 15.261198798
5459 1993 11 44.2673442094
5459 1993 12 53.7755231616
5459 1994 1 34.4401300784
5459 1994 2 180.948118419
5459 1994 3 134.515780979
5459 1994 4 54.0459327125
5459 1994 5 14.1373760894
5459 1994 6 16.4730733146
5459 1994 7 17.6325393995
5459 1994 8 21.5234060394
5459 1994 9 21.1852392084
5459 1994 10 57.5810663676
5459 1994 11 64.2963509977
5459 1994 12 69.8541276854
5459 1995 1 2108.95746261
5459 1995 2 543.897595001
5459 1995 3 2302.17032486
5459 1995 4 357.933303906
5459 1995 5 44.8490399887
5459 1995 6 67.7574429664
5459 1995 7 20.4321287929
5459 1995 8 19.9734221945
5459 1995 9 18.169976455
5459 1995 10 15.7473879679
5459 1995 11 9.49962976707
5459 1995 12 47.7227558214
5459 1996 1 199.124668579
5459 1996 2 1442.4685392
5459 1996 3 617.296376936
5459 1996 4 183.999607356
5459 1996 5 22.9685094547
5459 1996 6 16.0827130837
5459 1996 7 17.2657778319
5459 1996 8 19.506048152
5459 1996 9 19.6216546666
5459 1996 10 65.6150077672
5459 1996 11 185.941735351
5459 1996 12 292.152533686
5459 1997 1 1323.5886931
5459 1997 2 224.192037144
5459 1997 3 21.9658732432
5459 1997 4 15.1057445196
5459 1997 5 14.402816304
5459 1997 6 16.7600978437
5459 1997 7 15.3281865861
5459 1997 8 16.6061101064
5459 1997 9 50.8543037138
5459 1997 10 16.0234677623
5459 1997 11 136.160883498
5459 1997 12 155.128739828
5459 1998 1 236.718845107
5459 1998 2 3401.72969752
5459 1998 3 728.416226682
5459 1998 4 386.029827921
5459 1998 5 811.585977718
5459 1998 6 88.6026700761
5459 1998 7 24.4490393581
5459 1998 8 28.8778239148
5459 1998 9 15.6813435075
5459 1998 10 10.7640670139
5459 1998 11 59.1373888531
5459 1998 12 21.0625505979
5459 1999 1 86.0904580498
5459 1999 2 57.1986082675
5459 1999 3 35.4514167131
5459 1999 4 83.4214923627
5459 1999 5 27.026863455
5459 1999 6 19.966624367
5459 1999 7 17.7186419628
5459 1999 8 17.4325277727
5459 1999 9 15.8374699149
5459 1999 10 19.7846226423
5459 1999 11 12.915645464
5459 1999 12 14.0326904945
5459 2000 1 30.0953170413
5459 2000 2 506.664690586
5459 2000 3 243.616844734
5459 2000 4 139.92413665
5459 2000 5 38.4992159207
5459 2000 6 18.6685221679
5459 2000 7 16.765359664
5459 2000 8 19.5350858529
5459 2000 9 23.3042677139
5459 2000 10 63.4416317999
5459 2000 11 9.91304594973
5459 2000 12 7.0332228839
5459 2001 1 177.022421543
5459 2001 2 600.340909339
5459 2001 3 423.018391722
5459 2001 4 158.132260578
5459 2001 5 26.0272117016
5459 2001 6 16.8762573486
5459 2001 7 17.5800519249
5459 2001 8 16.148026637
5459 2001 9 14.9474009013
5459 2001 10 15.0747630532
5459 2001 11 118.926226385
5459 2001 12 87.8101332935
5459 2002 1 75.0620247118
5459 2002 2 20.365279984
5459 2002 3 52.9166665404
5459 2002 4 8.57194552839
5459 2002 5 15.3078881509
5459 2002 6 10.0720687304
5459 2002 7 12.8319813199
5459 2002 8 14.2004686026
5459 2002 9 16.8726118965
5459 2002 10 89.994760957
5459 2002 11 104.832350605
5459 2002 12 128.71535582
5459 2003 1 13.540795753
5459 2003 2 292.543874851
5459 2003 3 572.563226224
5459 2003 4 379.247046817
5459 2003 5 226.652769498
5459 2003 6 25.5888928344
5459 2003 7 16.028860193
5459 2003 8 19.0651714628
5459 2003 9 18.293430258
5459 2003 10 23.6137851158
5459 2003 11 23.6033899278
5459 2003 12 102.975394419
5459 2004 1 21.0705823293
5459 2004 2 344.615492645
5459 2004 3 231.298870719
5459 2004 4 25.2457132607
5459 2004 5 17.3659588779
5459 2004 6 11.8626912673
5459 2004 7 13.7767657166
5459 2004 8 15.7339784601
5459 2004 9 18.3263206174
5459 2004 10 579.807092202
5459 2004 11 98.4101117156
5459 2004 12 303.372052228
5459 2005 1 2899.72953861
5459 2005 2 2242.02209203
5459 2005 3 698.108355273
5459 2005 4 338.25281893
5459 2005 5 195.745967791
5459 2005 6 21.0902457416
5459 2005 7 18.0752316854
5459 2005 8 18.8505545155
5459 2005 9 23.0422914153
5459 2005 10 102.712734691
5459 2005 11 13.4931431913
5459 2005 12 103.501979445
5459 2006 1 16.6556544423
5459 2006 2 143.986211869
5459 2006 3 229.55292107
5459 2006 4 738.834704846
5459 2006 5 143.067222398
5459 2006 6 22.7608272374
5459 2006 7 22.4743345825
5459 2006 8 17.5372259601
5459 2006 9 20.3964689006
5459 2006 10 15.4079341821
5459 2006 11 14.1316165019
5459 2006 12 25.2294121366
5459 2007 1 24.6614832715
5459 2007 2 116.841803789
5459 2007 3 20.6723270798
5459 2007 4 72.7163237045
5459 2007 5 20.8747066254
5459 2007 6 24.30256752
5459 2007 7 34.4403744996
5459 2007 8 35.6825432525
5459 2007 9 49.0892207718
5459 2007 10 35.1091808132
5459 2007 11 65.282872806
5459 2007 12 136.019805194
5459 2008 1 1245.12064481
5459 2008 2 609.953830524
5459 2008 3 220.359696739
5459 2008 4 21.5100577818
5459 2008 5 76.4257510623
5459 2008 6 30.882440444
5459 2008 7 38.0004945182
5459 2008 8 34.6546957566
5459 2008 9 28.6040171653
5459 2008 10 28.2258271504
5459 2008 11 98.0465078989
5459 2008 12 148.916001552
5459 2009 1 37.3037797072
5459 2009 2 648.95843341
5459 2009 3 201.037679658
5459 2009 4 22.962398911
5459 2009 5 21.6238850768
5459 2009 6 16.1501084689
5459 2009 7 33.4453974759
5459 2009 8 35.6893936654
5459 2009 9 34.7361128717
5459 2009 10 69.0857012565
5459 2009 11 17.0459095263
5459 2009 12 180.10601531
5459 2010 1 382.053503642
5459 2010 2 825.876007281
5459 2010 3 401.783241835
5459 2010 4 262.910314845
5459 2010 5 22.0265396933
5459 2010 6 20.8060157461
5459 2010 7 26.2956227174
5459 2010 8 33.1101187077
5459 2010 9 30.7964549403
5459 2010 10 92.7382891768
5459 2010 11 75.7480178809
5459 2010 12 2400.84251033
5459 2011 1 458.35695245
5459 2011 2 471.810805462
5459 2011 3 671.323806818
5459 2011 4 278.836360012
5459 2011 5 39.6737632931
5459 2011 6 21.092425702
5459 2011 7 31.2738994514
5459 2011 8 31.671994811
5459 2011 9 27.5823163341
5459 2011 10 82.1150915819
5459 2011 11 66.7872665976
5459 2011 12 31.6205097463
5459 2012 1 66.2185445571
5459 2012 2 67.610468382
5459 2012 3 140.480885568
5459 2012 4 125.780221809
5459 2012 5 0
5459 2012 6 0
5459 2012 7 0
5459 2012 8 0
5459 2012 9 0
5459 2012 10 0
5459 2012 11 0
5459 2012 12 0
