5489 1986 1 168.264451174
5489 1986 2 389.284889144
5489 1986 3 641.573296248
5489 1986 4 239.788472047
5489 1986 5 150.824102728
5489 1986 6 68.9247400858
5489 1986 7 32.7986118483
5489 1986 8 6.03061211569
5489 1986 9 4.37213886897
5489 1986 10 6.67668464783
5489 1986 11 3.23206176391
5489 1986 12 2.04219722663
5489 1987 1 10.5993265535
5489 1987 2 4.7383360725
5489 1987 3 12.2541169585
5489 1987 4 8.14126247152
5489 1987 5 2.27756179164
5489 1987 6 0.633960208314
5489 1987 7 0.219349671171
5489 1987 8 0.145638444456
5489 1987 9 0.140821988148
5489 1987 10 6.204225147
5489 1987 11 48.0831329657
5489 1987 12 46.6666550877
5489 1988 1 65.8775801894
5489 1988 2 81.7476041846
5489 1988 3 115.784936933
5489 1988 4 92.3389218558
5489 1988 5 91.9116120226
5489 1988 6 42.4618708167
5489 1988 7 25.7324336513
5489 1988 8 1.37779366723
5489 1988 9 0.535640247692
5489 1988 10 0.198593717543
5489 1988 11 1.71048279728
5489 1988 12 33.2942579478
5489 1989 1 60.8705957206
5489 1989 2 181.750410506
5489 1989 3 137.101840197
5489 1989 4 76.7185611693
5489 1989 5 37.894719811
5489 1989 6 17.0434948288
5489 1989 7 1.1922463152
5489 1989 8 0.414985351495
5489 1989 9 0.341743028517
5489 1989 10 0.304775604085
5489 1989 11 0.367448637296
5489 1989 12 0.207114021516
5489 1990 1 6.13683853817
5489 1990 2 32.5310306333
5489 1990 3 46.4571599671
5489 1990 4 31.8226900635
5489 1990 5 10.2648261327
5489 1990 6 7.88572168744
5489 1990 7 2.29123637999
5489 1990 8 0.693228333706
5489 1990 9 0.332398948904
5489 1990 10 0.193594294469
5489 1990 11 0.399260363513
5489 1990 12 0.162207784689
5489 1991 1 6.4843501212
5489 1991 2 16.8797018383
5489 1991 3 353.918828909
5489 1991 4 258.520359626
5489 1991 5 155.856756997
5489 1991 6 73.8936911597
5489 1991 7 33.4300499564
5489 1991 8 8.44853342239
5489 1991 9 0.38767035328
5489 1991 10 0.888037836705
5489 1991 11 0.705251646242
5489 1991 12 1.83739070557
5489 1992 1 37.7828094011
5489 1992 2 226.04832674
5489 1992 3 838.476688082
5489 1992 4 259.380007197
5489 1992 5 158.403001035
5489 1992 6 75.8116629351
5489 1992 7 34.8666289297
5489 1992 8 11.485405178
5489 1992 9 0.608285813709
5489 1992 10 3.00608049251
5489 1992 11 7.39336536715
5489 1992 12 50.8132418042
5489 1993 1 1328.0162052
5489 1993 2 1148.41687838
5489 1993 3 424.553079906
5489 1993 4 230.511842396
5489 1993 5 138.281312211
5489 1993 6 88.04531617
5489 1993 7 42.5801162531
5489 1993 8 21.7165399604
5489 1993 9 1.25292535652
5489 1993 10 0.419354071453
5489 1993 11 0.502819994614
5489 1993 12 1.1410128948
5489 1994 1 0.992550451628
5489 1994 2 30.2033956083
5489 1994 3 48.0587855697
5489 1994 4 46.6520188462
5489 1994 5 36.0630608995
5489 1994 6 7.66554673235
5489 1994 7 2.20807257782
5489 1994 8 0.713016817144
5489 1994 9 0.298963825219
5489 1994 10 1.09264654788
5489 1994 11 0.705290311794
5489 1994 12 0.590543399568
5489 1995 1 769.723679355
5489 1995 2 512.726241815
5489 1995 3 1146.23038214
5489 1995 4 269.684522667
5489 1995 5 172.172728387
5489 1995 6 96.7624512479
5489 1995 7 49.60314519
5489 1995 8 28.3490945254
5489 1995 9 1.53613942101
5489 1995 10 0.490380627655
5489 1995 11 0.145048920594
5489 1995 12 0.403575854001
5489 1996 1 3.83822323756
5489 1996 2 299.406797527
5489 1996 3 541.872021954
5489 1996 4 209.676859084
5489 1996 5 130.140959106
5489 1996 6 54.5033474695
5489 1996 7 30.2573073957
5489 1996 8 0.908267145546
5489 1996 9 0.32309355747
5489 1996 10 0.466844689311
5489 1996 11 7.6154302315
5489 1996 12 58.2323706458
5489 1997 1 240.092291677
5489 1997 2 221.796247991
5489 1997 3 141.148049426
5489 1997 4 60.9687712098
5489 1997 5 33.0306286029
5489 1997 6 2.96129909935
5489 1997 7 0.644707834554
5489 1997 8 0.252974581042
5489 1997 9 0.357358816892
5489 1997 10 0.181536200004
5489 1997 11 3.0370836536
5489 1997 12 31.7553756552
5489 1998 1 55.0432057658
5489 1998 2 1153.16649042
5489 1998 3 578.019604683
5489 1998 4 294.1093987
5489 1998 5 565.07914092
5489 1998 6 184.097566024
5489 1998 7 103.565342134
5489 1998 8 41.2836008765
5489 1998 9 19.2685414212
5489 1998 10 0.586311687718
5489 1998 11 0.764584749424
5489 1998 12 0.76530942827
5489 1999 1 1.70790535611
5489 1999 2 11.2717227417
5489 1999 3 6.86877862626
5489 1999 4 19.3311476673
5489 1999 5 11.7598700855
5489 1999 6 6.09685847835
5489 1999 7 1.94983391281
5489 1999 8 0.610998791663
5489 1999 9 0.237163241265
5489 1999 10 0.168566890937
5489 1999 11 0.0959125744187
5489 1999 12 0.095809291578
5489 2000 1 0.350249818712
5489 2000 2 56.4385867446
5489 2000 3 154.423022989
5489 2000 4 106.384770059
5489 2000 5 73.1347871225
5489 2000 6 37.2734117289
5489 2000 7 15.6553797817
5489 2000 8 1.27022114937
5489 2000 9 0.491116890035
5489 2000 10 0.618001434092
5489 2000 11 0.752162541965
5489 2000 12 0.217156947852
5489 2001 1 13.6344666239
5489 2001 2 113.066074618
5489 2001 3 203.047002567
5489 2001 4 146.470767974
5489 2001 5 86.0832708137
5489 2001 6 36.5598112272
5489 2001 7 15.768663951
5489 2001 8 0.859544205473
5489 2001 9 0.262710935812
5489 2001 10 0.125428449635
5489 2001 11 0.979309134475
5489 2001 12 2.56684763751
5489 2002 1 3.54007442736
5489 2002 2 5.44823623185
5489 2002 3 4.89568945274
5489 2002 4 2.13635798858
5489 2002 5 0.856459762013
5489 2002 6 0.362909711282
5489 2002 7 0.178330208614
5489 2002 8 0.132912559676
5489 2002 9 0.129146719027
5489 2002 10 0.0807912687724
5489 2002 11 27.7664848851
5489 2002 12 33.6869162372
5489 2003 1 20.5576088428
5489 2003 2 64.7332261714
5489 2003 3 399.191340238
5489 2003 4 200.433825139
5489 2003 5 168.158296059
5489 2003 6 87.8676602981
5489 2003 7 39.6112121543
5489 2003 8 18.0946404961
5489 2003 9 0.846542109789
5489 2003 10 0.359466688826
5489 2003 11 0.222411417846
5489 2003 12 4.49804601072
5489 2004 1 7.20345239721
5489 2004 2 33.5243266122
5489 2004 3 111.270175382
5489 2004 4 59.2919494725
5489 2004 5 34.9076729968
5489 2004 6 9.1195307609
5489 2004 7 0.819477876375
5489 2004 8 0.292494218207
5489 2004 9 0.209750403852
5489 2004 10 34.1567112055
5489 2004 11 70.5460734709
5489 2004 12 74.9751684776
5489 2005 1 1918.05519617
5489 2005 2 1584.41409702
5489 2005 3 539.261118019
5489 2005 4 228.41279395
5489 2005 5 185.794557872
5489 2005 6 97.6311218837
5489 2005 7 41.5816379356
5489 2005 8 19.7130026842
5489 2005 9 0.877653720933
5489 2005 10 1.40551552263
5489 2005 11 0.654743622156
5489 2005 12 0.493182466093
5489 2006 1 6.75856266983
5489 2006 2 6.79783887224
5489 2006 3 98.5041838866
5489 2006 4 513.687447649
5489 2006 5 216.863426622
5489 2006 6 125.082892513
5489 2006 7 55.4876038428
5489 2006 8 29.2163895979
5489 2006 9 0.9021214672
5489 2006 10 0.307580656129
5489 2006 11 0.164421116292
5489 2006 12 0.316266017851
5489 2007 1 0.285213012702
5489 2007 2 2.05713867655
5489 2007 3 3.90104465513
5489 2007 4 2.28595477291
5489 2007 5 1.36848680224
5489 2007 6 0.458608698602
5489 2007 7 0.364698383513
5489 2007 8 0.352956851622
5489 2007 9 0.489851705927
5489 2007 10 0.324795130724
5489 2007 11 0.316657846751
5489 2007 12 10.5696015047
5489 2008 1 325.191884657
5489 2008 2 289.706487459
5489 2008 3 192.978817731
5489 2008 4 109.438615459
5489 2008 5 49.5311726851
5489 2008 6 32.2947306003
5489 2008 7 4.08333242902
5489 2008 8 0.859556632045
5489 2008 9 0.376528918588
5489 2008 10 0.244588317866
5489 2008 11 0.859627474544
5489 2008 12 11.7016419751
5489 2009 1 14.254557913
5489 2009 2 82.5678953993
5489 2009 3 106.536997751
5489 2009 4 54.0171539225
5489 2009 5 32.2172896687
5489 2009 6 5.47163804305
5489 2009 7 0.635364733914
5489 2009 8 0.408656188143
5489 2009 9 0.330639805472
5489 2009 10 2.06610274977
5489 2009 11 0.996546546406
5489 2009 12 27.1851483683
5489 2010 1 84.6297251486
5489 2010 2 235.643237197
5489 2010 3 267.931601148
5489 2010 4 165.537973782
5489 2010 5 103.142333165
5489 2010 6 41.9691125177
5489 2010 7 22.8711819822
5489 2010 8 0.787304417275
5489 2010 9 0.382263392811
5489 2010 10 0.48588276928
5489 2010 11 1.35297855285
5489 2010 12 468.51589453
5489 2011 1 340.766912494
5489 2011 2 203.311533623
5489 2011 3 352.216973349
5489 2011 4 228.194941726
5489 2011 5 143.862002161
5489 2011 6 66.4024464755
5489 2011 7 32.2449406115
5489 2011 8 5.66978947057
5489 2011 9 0.477255603506
5489 2011 10 1.38805243116
5489 2011 11 1.44688822496
5489 2011 12 1.23782926334
5489 2012 1 1.35342795527
5489 2012 2 3.04734813529
5489 2012 3 14.7705087414
5489 2012 4 33.5715490316
5489 2012 5 0
5489 2012 6 0
5489 2012 7 0
5489 2012 8 0
5489 2012 9 0
5489 2012 10 0
5489 2012 11 0
5489 2012 12 0
