6791 1986 1 2651.85775882
6791 1986 2 5415.49157023
6791 1986 3 4159.66411847
6791 1986 4 1432.71263993
6791 1986 5 362.751871645
6791 1986 6 96.9848490161
6791 1986 7 47.0902302817
6791 1986 8 39.5936237676
6791 1986 9 46.7078702271
6791 1986 10 44.4478028574
6791 1986 11 46.3846739066
6791 1986 12 40.9144804514
6791 1987 1 88.627564296
6791 1987 2 43.4612484348
6791 1987 3 91.6534543074
6791 1987 4 50.0012359659
6791 1987 5 27.562429811
6791 1987 6 18.9203770883
6791 1987 7 18.1925720747
6791 1987 8 19.4789069816
6791 1987 9 34.4576295583
6791 1987 10 82.3887017065
6791 1987 11 524.401961786
6791 1987 12 374.301765443
6791 1988 1 647.714751246
6791 1988 2 399.226323618
6791 1988 3 943.160062434
6791 1988 4 510.909565821
6791 1988 5 486.060989779
6791 1988 6 125.507773425
6791 1988 7 50.1406625641
6791 1988 8 37.2515829774
6791 1988 9 41.0005779101
6791 1988 10 34.2997900641
6791 1988 11 31.2830566427
6791 1988 12 296.647554183
6791 1989 1 428.488124492
6791 1989 2 910.535228531
6791 1989 3 339.348611019
6791 1989 4 122.432971391
6791 1989 5 43.7547900199
6791 1989 6 24.7464208674
6791 1989 7 28.2832272159
6791 1989 8 38.1909131658
6791 1989 9 42.894163768
6791 1989 10 40.6591349216
6791 1989 11 29.8090910519
6791 1989 12 26.402233546
6791 1990 1 100.111109908
6791 1990 2 150.196938659
6791 1990 3 140.330512796
6791 1990 4 45.9137401624
6791 1990 5 28.5374030573
6791 1990 6 26.5641720915
6791 1990 7 34.9307624158
6791 1990 8 39.5759958011
6791 1990 9 44.5485333148
6791 1990 10 41.4534555642
6791 1990 11 35.140713644
6791 1990 12 23.8283856634
6791 1991 1 41.8597488967
6791 1991 2 176.078586226
6791 1991 3 5113.27867315
6791 1991 4 3327.64611188
6791 1991 5 547.389495793
6791 1991 6 127.656274422
6791 1991 7 50.0860383399
6791 1991 8 34.8213187283
6791 1991 9 35.4859146875
6791 1991 10 46.7332556017
6791 1991 11 36.1023104102
6791 1991 12 49.0197760517
6791 1992 1 813.058647982
6791 1992 2 12416.2669417
6791 1992 3 7611.48605447
6791 1992 4 3832.3890383
6791 1992 5 848.030574642
6791 1992 6 204.092400047
6791 1992 7 67.3790959952
6791 1992 8 34.9924803467
6791 1992 9 29.4772831867
6791 1992 10 36.0693862489
6791 1992 11 51.6060167345
6791 1992 12 445.74133739
6791 1993 1 20935.7080716
6791 1993 2 17304.8749941
6791 1993 3 5515.52737946
6791 1993 4 2497.6156895
6791 1993 5 549.488617588
6791 1993 6 178.3844469
6791 1993 7 69.5134035971
6791 1993 8 31.0190332707
6791 1993 9 27.208146722
6791 1993 10 28.621417622
6791 1993 11 28.9710570372
6791 1993 12 31.5038563248
6791 1994 1 22.3701366163
6791 1994 2 216.750013305
6791 1994 3 280.240104049
6791 1994 4 203.388802417
6791 1994 5 107.412483975
6791 1994 6 46.7940693318
6791 1994 7 33.2918966577
6791 1994 8 28.2317340333
6791 1994 9 30.1187797122
6791 1994 10 49.9058843352
6791 1994 11 52.4374624553
6791 1994 12 45.3443736213
6791 1995 1 8529.45667317
6791 1995 2 5008.79852294
6791 1995 3 10456.8748732
6791 1995 4 3225.25244476
6791 1995 5 716.304716729
6791 1995 6 191.890058128
6791 1995 7 87.9183291049
6791 1995 8 50.9550469571
6791 1995 9 42.1716259074
6791 1995 10 37.8285653637
6791 1995 11 25.0198635005
6791 1995 12 27.2774262709
6791 1996 1 27.8326715599
6791 1996 2 1973.69985167
6791 1996 3 3618.59761066
6791 1996 4 892.076924898
6791 1996 5 263.89841557
6791 1996 6 74.8314662383
6791 1996 7 41.176315899
6791 1996 8 36.5687055011
6791 1996 9 37.2949231968
6791 1996 10 36.2380399582
6791 1996 11 72.5653896912
6791 1996 12 752.237680004
6791 1997 1 1247.16130194
6791 1997 2 1136.70857634
6791 1997 3 309.162614564
6791 1997 4 85.9100305208
6791 1997 5 37.4891696236
6791 1997 6 24.2302639065
6791 1997 7 25.062579986
6791 1997 8 30.1040314851
6791 1997 9 35.1668048817
6791 1997 10 34.1947133636
6791 1997 11 44.5296232998
6791 1997 12 348.500285612
6791 1998 1 293.217369139
6791 1998 2 18007.1691326
6791 1998 3 5231.46664789
6791 1998 4 2775.63656331
6791 1998 5 3015.88166308
6791 1998 6 1046.68456283
6791 1998 7 256.109932537
6791 1998 8 102.886986591
6791 1998 9 70.9596750931
6791 1998 10 35.3144749924
6791 1998 11 35.2107407686
6791 1998 12 34.2350624201
6791 1999 1 29.2752615388
6791 1999 2 82.2745327069
6791 1999 3 51.0696059512
6791 1999 4 138.316575453
6791 1999 5 69.0191377617
6791 1999 6 41.7201996891
6791 1999 7 34.1540321743
6791 1999 8 43.811208608
6791 1999 9 48.2916691889
6791 1999 10 61.2161653881
6791 1999 11 49.656294813
6791 1999 12 31.8460555382
6791 2000 1 27.2076947334
6791 2000 2 1337.28570222
6791 2000 3 2419.71161277
6791 2000 4 793.932465007
6791 2000 5 456.580121721
6791 2000 6 125.065798432
6791 2000 7 58.2385320296
6791 2000 8 56.2585795719
6791 2000 9 43.542737681
6791 2000 10 31.5655480857
6791 2000 11 23.9652583142
6791 2000 12 16.8197202919
6791 2001 1 96.3181824384
6791 2001 2 1387.38397953
6791 2001 3 1933.92830586
6791 2001 4 652.135799515
6791 2001 5 282.9770985
6791 2001 6 82.933605102
6791 2001 7 43.8049440632
6791 2001 8 36.1754510459
6791 2001 9 39.017364149
6791 2001 10 38.7992272901
6791 2001 11 33.2244042543
6791 2001 12 32.5557744246
6791 2002 1 28.3317496791
6791 2002 2 32.8417787556
6791 2002 3 45.1282711921
6791 2002 4 35.603973323
6791 2002 5 24.8969427695
6791 2002 6 28.1956170541
6791 2002 7 35.2210212129
6791 2002 8 47.4901696315
6791 2002 9 46.554496491
6791 2002 10 40.1782448479
6791 2002 11 83.2779451533
6791 2002 12 133.900319825
6791 2003 1 108.214646242
6791 2003 2 1036.48483167
6791 2003 3 2030.88420439
6791 2003 4 1016.36149695
6791 2003 5 712.787413243
6791 2003 6 201.833980757
6791 2003 7 71.9024843251
6791 2003 8 44.0631034982
6791 2003 9 33.8698133153
6791 2003 10 40.8893547563
6791 2003 11 36.6014886375
6791 2003 12 45.9970728732
6791 2004 1 68.6225843442
6791 2004 2 330.141109964
6791 2004 3 1053.0867931
6791 2004 4 222.127064578
6791 2004 5 74.3139128272
6791 2004 6 33.3551902013
6791 2004 7 28.4327944981
6791 2004 8 40.9177092176
6791 2004 9 38.7855052154
6791 2004 10 741.311360708
6791 2004 11 1129.11590084
6791 2004 12 1343.51910351
6791 2005 1 17096.7290614
6791 2005 2 14591.881581
6791 2005 3 6207.59941261
6791 2005 4 2276.52757155
6791 2005 5 854.174738077
6791 2005 6 248.466515645
6791 2005 7 84.9503107235
6791 2005 8 55.898698793
6791 2005 9 44.8105271984
6791 2005 10 39.1876136169
6791 2005 11 25.2906721685
6791 2005 12 20.6035542636
6791 2006 1 242.467558756
6791 2006 2 82.8931947377
6791 2006 3 969.094490141
6791 2006 4 2849.74082855
6791 2006 5 859.298745193
6791 2006 6 236.136895946
6791 2006 7 77.241868562
6791 2006 8 37.0834254493
6791 2006 9 36.2414483184
6791 2006 10 42.076903469
6791 2006 11 31.8696557719
6791 2006 12 26.1426041723
6791 2007 1 21.6491916292
6791 2007 2 19.3282011592
6791 2007 3 33.883241977
6791 2007 4 30.6591886118
6791 2007 5 35.423534384
6791 2007 6 45.8101634061
6791 2007 7 85.4083834363
6791 2007 8 82.0540782682
6791 2007 9 90.8607839642
6791 2007 10 48.8277627576
6791 2007 11 31.1673858873
6791 2007 12 49.5169428728
6791 2008 1 3334.86038707
6791 2008 2 4404.35597554
6791 2008 3 1231.91038389
6791 2008 4 265.694128424
6791 2008 5 111.051054291
6791 2008 6 98.4968952048
6791 2008 7 91.0968950393
6791 2008 8 73.7272021674
6791 2008 9 59.5373765715
6791 2008 10 39.0854418302
6791 2008 11 34.2140635464
6791 2008 12 86.5188918376
6791 2009 1 75.8561538201
6791 2009 2 612.856864026
6791 2009 3 524.39424344
6791 2009 4 148.21637474
6791 2009 5 65.1398976344
6791 2009 6 39.8004100777
6791 2009 7 53.9751970219
6791 2009 8 61.5225606406
6791 2009 9 52.7221311646
6791 2009 10 45.6016990336
6791 2009 11 29.9390866625
6791 2009 12 191.09548021
6791 2010 1 1293.56757517
6791 2010 2 3181.11483366
6791 2010 3 1832.12344598
6791 2010 4 764.781145671
6791 2010 5 339.824024221
6791 2010 6 110.401947121
6791 2010 7 72.3871532907
6791 2010 8 64.9900122645
6791 2010 9 62.7204847762
6791 2010 10 43.1500808059
6791 2010 11 30.3280238679
6791 2010 12 2340.69210511
6791 2011 1 3538.4691655
6791 2011 2 1090.40348755
6791 2011 3 3572.21623582
6791 2011 4 2996.81982626
6791 2011 5 526.659549925
6791 2011 6 141.900029349
6791 2011 7 74.8869466724
6791 2011 8 81.8267279279
6791 2011 9 65.9822029636
6791 2011 10 54.5978936802
6791 2011 11 36.5097734319
6791 2011 12 33.1679673896
6791 2012 1 31.0123242296
6791 2012 2 29.7351117761
6791 2012 3 116.63181004
6791 2012 4 330.974059106
6791 2012 5 0
6791 2012 6 0
6791 2012 7 0
6791 2012 8 0
6791 2012 9 0
6791 2012 10 0
6791 2012 11 0
6791 2012 12 0
