5490 1986 1 74.9768128217
5490 1986 2 245.650179024
5490 1986 3 440.280687571
5490 1986 4 171.049448557
5490 1986 5 130.135492316
5490 1986 6 63.4990929493
5490 1986 7 31.3902380925
5490 1986 8 5.32992538156
5490 1986 9 2.12462449857
5490 1986 10 3.97333720919
5490 1986 11 1.82490148929
5490 1986 12 1.18716657432
5490 1987 1 6.62871000657
5490 1987 2 2.94251987221
5490 1987 3 7.72991668927
5490 1987 4 5.07233558942
5490 1987 5 1.27252067851
5490 1987 6 0.263264460212
5490 1987 7 0.0563489761694
5490 1987 8 0.0
5490 1987 9 0.0
5490 1987 10 3.49253135118
5490 1987 11 29.9386717029
5490 1987 12 31.0000431404
5490 1988 1 37.1122950757
5490 1988 2 54.9956955964
5490 1988 3 81.4067617737
5490 1988 4 60.6721379316
5490 1988 5 68.6165970952
5490 1988 6 36.0277585727
5490 1988 7 23.8236025689
5490 1988 8 0.690415903706
5490 1988 9 0.209667188733
5490 1988 10 0.0364501437865
5490 1988 11 0.959533764439
5490 1988 12 16.2069704474
5490 1989 1 33.9832218135
5490 1989 2 93.5465503257
5490 1989 3 99.1151217638
5490 1989 4 60.3798083297
5490 1989 5 32.61979667
5490 1989 6 15.3325826603
5490 1989 7 0.510524423532
5490 1989 8 0.0956660301222
5490 1989 9 0.0744677496362
5490 1989 10 0.0808240955233
5490 1989 11 0.137960045435
5490 1989 12 0.0675550113405
5490 1990 1 3.94121584185
5490 1990 2 14.5710664013
5490 1990 3 31.0000435349
5490 1990 4 24.2147788693
5490 1990 5 6.11430617502
5490 1990 6 4.7417392904
5490 1990 7 1.14934082197
5490 1990 8 0.245962940041
5490 1990 9 0.0199986857188
5490 1990 10 0.00540924046236
5490 1990 11 0.163333704703
5490 1990 12 0.0492387197641
5490 1991 1 3.80965157576
5490 1991 2 3.93467193174
5490 1991 3 198.573429314
5490 1991 4 187.651662589
5490 1991 5 135.744803911
5490 1991 6 68.638549248
5490 1991 7 32.0776257283
5490 1991 8 7.81322686025
5490 1991 9 0.110727760854
5490 1991 10 0.37963770416
5490 1991 11 0.365087419152
5490 1991 12 1.01051756247
5490 1992 1 23.795306959
5490 1992 2 111.228025896
5490 1992 3 572.171661512
5490 1992 4 182.702115473
5490 1992 5 136.044479918
5490 1992 6 69.9888796588
5490 1992 7 32.3739765004
5490 1992 8 10.4901806457
5490 1992 9 0.218748986323
5490 1992 10 1.16544220182
5490 1992 11 4.27286483682
5490 1992 12 25.4875151841
5490 1993 1 750.024792444
5490 1993 2 783.485124157
5490 1993 3 263.765128593
5490 1993 4 167.518939068
5490 1993 5 120.023275711
5490 1993 6 65.9554906572
5490 1993 7 35.3041222664
5490 1993 8 19.6432872328
5490 1993 9 0.544555845113
5490 1993 10 0.14589702604
5490 1993 11 0.229413051186
5490 1993 12 0.660985771238
5490 1994 1 0.557067698765
5490 1994 2 18.0662287077
5490 1994 3 27.5770004104
5490 1994 4 30.0000419216
5490 1994 5 25.7236096733
5490 1994 6 4.68347625849
5490 1994 7 1.17808297763
5490 1994 8 0.244394287018
5490 1994 9 0.0396801030204
5490 1994 10 0.583767534611
5490 1994 11 0.363300084895
5490 1994 12 0.308900445283
5490 1995 1 451.246282629
5490 1995 2 355.25640369
5490 1995 3 814.073838529
5490 1995 4 179.241048773
5490 1995 5 141.509364241
5490 1995 6 79.7936978024
5490 1995 7 41.0964695937
5490 1995 8 26.0275354143
5490 1995 9 0.702314828225
5490 1995 10 0.172549333377
5490 1995 11 0.0315017304303
5490 1995 12 0.209068787009
5490 1996 1 1.33145348278
5490 1996 2 131.050456909
5490 1996 3 358.577040427
5490 1996 4 160.456540758
5490 1996 5 113.553649916
5490 1996 6 50.2423791267
5490 1996 7 29.0610170474
5490 1996 8 0.353658037119
5490 1996 9 0.0693341286498
5490 1996 10 0.180596655997
5490 1996 11 3.80394567831
5490 1996 12 24.5083890974
5490 1997 1 94.2497688336
5490 1997 2 141.211117467
5490 1997 3 114.470696915
5490 1997 4 53.6354608873
5490 1997 5 31.0000434695
5490 1997 6 1.88641956635
5490 1997 7 0.219468326774
5490 1997 8 0.00983903060248
5490 1997 9 0.103063879696
5490 1997 10 0.0244346539442
5490 1997 11 1.6304396067
5490 1997 12 18.4866594132
5490 1998 1 26.954555475
5490 1998 2 676.973417091
5490 1998 3 372.306889592
5490 1998 4 200.911340499
5490 1998 5 358.020390959
5490 1998 6 150.508837557
5490 1998 7 93.9770889078
5490 1998 8 38.6727815555
5490 1998 9 18.3423733786
5490 1998 10 0.237273171825
5490 1998 11 0.400529494417
5490 1998 12 0.417029280011
5490 1999 1 0.958941245151
5490 1999 2 6.68460066534
5490 1999 3 3.96730010195
5490 1999 4 11.0544055078
5490 1999 5 6.66075945496
5490 1999 6 3.34284626264
5490 1999 7 0.93162180001
5490 1999 8 0.186856583491
5490 1999 9 0.0308167571111
5490 1999 10 0.0
5490 1999 11 0.0
5490 1999 12 0.0
5490 2000 1 0.169720743753
5490 2000 2 18.0463699171
5490 2000 3 84.741743204
5490 2000 4 68.5831145431
5490 2000 5 51.6772358678
5490 2000 6 30.3809885625
5490 2000 7 13.4310582714
5490 2000 8 0.513773240531
5490 2000 9 0.164779668327
5490 2000 10 0.304901292053
5490 2000 11 0.388295509802
5490 2000 12 0.082772928803
5490 2001 1 8.94589737339
5490 2001 2 69.3940089385
5490 2001 3 137.414919073
5490 2001 4 106.835256882
5490 2001 5 69.2370389309
5490 2001 6 32.0496103299
5490 2001 7 14.2302496613
5490 2001 8 0.325386286443
5490 2001 9 0.0547085046371
5490 2001 10 0.0
5490 2001 11 0.494111569929
5490 2001 12 1.48615878187
5490 2002 1 1.91555555334
5490 2002 2 3.11019146079
5490 2002 3 2.78873717755
5490 2002 4 1.18132577769
5490 2002 5 0.399222499077
5490 2002 6 0.102052652471
5490 2002 7 0.00280271577281
5490 2002 8 0.0
5490 2002 9 0.0
5490 2002 10 0.0
5490 2002 11 15.3435757427
5490 2002 12 20.3059226689
5490 2003 1 13.0998921052
5490 2003 2 26.7371637348
5490 2003 3 198.296183583
5490 2003 4 157.372961594
5490 2003 5 130.537129512
5490 2003 6 76.3158865572
5490 2003 7 35.5489061391
5490 2003 8 16.8907516488
5490 2003 9 0.330813387947
5490 2003 10 0.101084095046
5490 2003 11 0.0903810768365
5490 2003 12 2.17711094397
5490 2004 1 4.42282650263
5490 2004 2 11.9398963068
5490 2004 3 73.7127942984
5490 2004 4 47.2091387847
5490 2004 5 31.0275198086
5490 2004 6 7.8362333286
5490 2004 7 0.345069302174
5490 2004 8 0.0477727276279
5490 2004 9 0.0
5490 2004 10 13.4898045246
5490 2004 11 44.2107137751
5490 2004 12 45.9714388342
5490 2005 1 1238.6240771
5490 2005 2 1085.8482124
5490 2005 3 352.748160869
5490 2005 4 167.243472089
5490 2005 5 138.836460829
5490 2005 6 84.2168756511
5490 2005 7 37.7570763268
5490 2005 8 18.5590867484
5490 2005 9 0.36387700835
5490 2005 10 0.807173319978
5490 2005 11 0.382382499888
5490 2005 12 0.231456879394
5490 2006 1 4.2851935778
5490 2006 2 3.41916819547
5490 2006 3 37.6677272924
5490 2006 4 261.891777732
5490 2006 5 165.369812823
5490 2006 6 108.485139237
5490 2006 7 50.9523334617
5490 2006 8 27.9670411047
5490 2006 9 0.341231097436
5490 2006 10 0.0787353049596
5490 2006 11 0.0341055922562
5490 2006 12 0.147466813096
5490 2007 1 0.127943240982
5490 2007 2 1.28323949771
5490 2007 3 2.7798592323
5490 2007 4 1.49096175337
5490 2007 5 0.823033580861
5490 2007 6 0.142757161623
5490 2007 7 0.0188283661005
5490 2007 8 0.0
5490 2007 9 0.096719871847
5490 2007 10 0.0707343776083
5490 2007 11 0.0925569552015
5490 2007 12 7.7807442597
5490 2008 1 214.063544432
5490 2008 2 214.916706407
5490 2008 3 161.292273699
5490 2008 4 100.792991901
5490 2008 5 44.8782470267
5490 2008 6 30.000042044
5490 2008 7 2.88368673945
5490 2008 8 0.323958070018
5490 2008 9 0.0604448210647
5490 2008 10 0.0104678635767
5490 2008 11 0.471714356033
5490 2008 12 9.9107256151
5490 2009 1 12.3732711744
5490 2009 2 50.7145583599
5490 2009 3 88.0001250335
5490 2009 4 49.1044567698
5490 2009 5 31.000043796
5490 2009 6 4.8213184058
5490 2009 7 0.23084803855
5490 2009 8 0.0524918986195
5490 2009 9 0.00597844690174
5490 2009 10 1.24190596211
5490 2009 11 0.629729027964
5490 2009 12 20.086760337
5490 2010 1 55.9899174852
5490 2010 2 156.408616731
5490 2010 3 204.586099862
5490 2010 4 141.213449808
5490 2010 5 94.7643525385
5490 2010 6 39.8447242632
5490 2010 7 22.215955227
5490 2010 8 0.306627770971
5490 2010 9 0.0715485452807
5490 2010 10 0.222423348897
5490 2010 11 0.962341472919
5490 2010 12 322.006729597
5490 2011 1 240.84784649
5490 2011 2 146.885732923
5490 2011 3 256.056027292
5490 2011 4 173.080697817
5490 2011 5 127.795136395
5490 2011 6 62.3392739756
5490 2011 7 31.3071912259
5490 2011 8 4.95702784654
5490 2011 9 0.119793818497
5490 2011 10 0.819312136511
5490 2011 11 0.985222001632
5490 2011 12 0.857031031594
5490 2012 1 0.904944280148
5490 2012 2 1.98108368257
5490 2012 3 11.2266381774
5490 2012 4 26.4354218847
5490 2012 5 0
5490 2012 6 0
5490 2012 7 0
5490 2012 8 0
5490 2012 9 0
5490 2012 10 0
5490 2012 11 0
5490 2012 12 0
