6685 1986 1 309.193858777
6685 1986 2 431.650576975
6685 1986 3 409.058790623
6685 1986 4 78.7035614956
6685 1986 5 34.9178861585
6685 1986 6 27.1627454495
6685 1986 7 42.1167225906
6685 1986 8 32.8784095851
6685 1986 9 84.4280648051
6685 1986 10 31.4861061098
6685 1986 11 84.3366385995
6685 1986 12 29.4511131831
6685 1987 1 114.035384761
6685 1987 2 72.2811817411
6685 1987 3 90.3144708586
6685 1987 4 17.1427816758
6685 1987 5 22.584950742
6685 1987 6 32.4698550938
6685 1987 7 27.7280174861
6685 1987 8 37.140685381
6685 1987 9 29.0596824314
6685 1987 10 611.585943746
6685 1987 11 193.478542118
6685 1987 12 170.195288609
6685 1988 1 165.481209626
6685 1988 2 265.035252096
6685 1988 3 112.31221808
6685 1988 4 239.947733708
6685 1988 5 38.675089385
6685 1988 6 36.2070318467
6685 1988 7 35.2385639659
6685 1988 8 31.967585803
6685 1988 9 27.5093007036
6685 1988 10 17.864022799
6685 1988 11 70.36259056
6685 1988 12 291.297059164
6685 1989 1 51.860452049
6685 1989 2 203.411388739
6685 1989 3 76.0572577091
6685 1989 4 20.7633748308
6685 1989 5 20.551089907
6685 1989 6 23.3373169293
6685 1989 7 37.1403871807
6685 1989 8 35.3460340812
6685 1989 9 53.9356941088
6685 1989 10 35.9629928728
6685 1989 11 47.1141040302
6685 1989 12 14.1948254103
6685 1990 1 185.678623759
6685 1990 2 190.123295808
6685 1990 3 29.4041233602
6685 1990 4 87.4837744881
6685 1990 5 64.3333595219
6685 1990 6 33.020886205
6685 1990 7 51.8304826787
6685 1990 8 43.5982146865
6685 1990 9 34.3054771376
6685 1990 10 26.5283672857
6685 1990 11 54.161590637
6685 1990 12 17.0612738422
6685 1991 1 148.730408725
6685 1991 2 286.912373535
6685 1991 3 505.72609845
6685 1991 4 91.4805291459
6685 1991 5 34.5811322257
6685 1991 6 24.6890001973
6685 1991 7 26.3217483896
6685 1991 8 25.9063897434
6685 1991 9 21.6232576837
6685 1991 10 57.3225539557
6685 1991 11 15.4666606778
6685 1991 12 279.192654909
6685 1992 1 277.363604112
6685 1992 2 1447.77111012
6685 1992 3 586.619301569
6685 1992 4 102.098209483
6685 1992 5 38.8130512318
6685 1992 6 26.9778049484
6685 1992 7 41.5792314454
6685 1992 8 33.2644719731
6685 1992 9 27.4002912304
6685 1992 10 105.713145011
6685 1992 11 66.7551223028
6685 1992 12 350.244171968
6685 1993 1 1290.04055502
6685 1993 2 864.588005133
6685 1993 3 313.144304937
6685 1993 4 101.630385419
6685 1993 5 35.4639603799
6685 1993 6 100.225225678
6685 1993 7 33.6112435295
6685 1993 8 26.5413419726
6685 1993 9 23.877637507
6685 1993 10 48.2492571303
6685 1993 11 56.2882616723
6685 1993 12 106.778053842
6685 1994 1 39.9053202749
6685 1994 2 244.461965556
6685 1994 3 146.564110487
6685 1994 4 36.7698827095
6685 1994 5 16.1781535973
6685 1994 6 25.7677902233
6685 1994 7 36.5913252203
6685 1994 8 39.9958292308
6685 1994 9 32.1893381383
6685 1994 10 96.3642732957
6685 1994 11 56.9224893251
6685 1994 12 96.6049947006
6685 1995 1 1039.71183038
6685 1995 2 202.92637363
6685 1995 3 618.566733468
6685 1995 4 143.758328953
6685 1995 5 58.8502869403
6685 1995 6 56.1904264746
6685 1995 7 33.025641752
6685 1995 8 36.5950683065
6685 1995 9 39.8846509021
6685 1995 10 22.0742238211
6685 1995 11 10.1396650492
6685 1995 12 68.3681677564
6685 1996 1 47.5604994278
6685 1996 2 334.343768107
6685 1996 3 113.099018429
6685 1996 4 27.883501487
6685 1996 5 31.018174379
6685 1996 6 32.3352177235
6685 1996 7 41.9312788804
6685 1996 8 39.9766588823
6685 1996 9 32.0177188948
6685 1996 10 48.7512968398
6685 1996 11 153.006882179
6685 1996 12 347.060349214
6685 1997 1 306.62370725
6685 1997 2 71.6354018346
6685 1997 3 27.5427341221
6685 1997 4 23.1244923993
6685 1997 5 28.7871883566
6685 1997 6 32.0169382465
6685 1997 7 40.7486003971
6685 1997 8 36.761292566
6685 1997 9 51.7250747702
6685 1997 10 23.3710152531
6685 1997 11 136.197151471
6685 1997 12 275.238072499
6685 1998 1 166.993509164
6685 1998 2 1020.12178071
6685 1998 3 339.005476399
6685 1998 4 131.574448925
6685 1998 5 261.219296748
6685 1998 6 34.4540199705
6685 1998 7 33.9393633026
6685 1998 8 36.2348745781
6685 1998 9 47.9484974038
6685 1998 10 18.710692364
6685 1998 11 68.8818801165
6685 1998 12 19.4804535393
6685 1999 1 86.477193945
6685 1999 2 58.7025468348
6685 1999 3 95.7063499775
6685 1999 4 122.899762912
6685 1999 5 18.6807860598
6685 1999 6 65.9040086194
6685 1999 7 33.6485251109
6685 1999 8 32.1693741917
6685 1999 9 26.0604637781
6685 1999 10 25.18038017
6685 1999 11 19.5060244573
6685 1999 12 12.9637828108
6685 2000 1 41.3585242483
6685 2000 2 367.084049429
6685 2000 3 174.377981629
6685 2000 4 185.766931669
6685 2000 5 31.703927124
6685 2000 6 31.7283847073
6685 2000 7 34.3827206895
6685 2000 8 45.2856450007
6685 2000 9 29.2613471624
6685 2000 10 68.9944079439
6685 2000 11 62.4913678821
6685 2000 12 9.97216034584
6685 2001 1 333.73645578
6685 2001 2 462.940552455
6685 2001 3 255.136189794
6685 2001 4 123.792709709
6685 2001 5 29.5031634179
6685 2001 6 29.3085355974
6685 2001 7 34.328947505
6685 2001 8 31.4078468814
6685 2001 9 24.5936695941
6685 2001 10 21.872486628
6685 2001 11 87.3803682642
6685 2001 12 34.8209975322
6685 2002 1 60.549925498
6685 2002 2 24.1103862833
6685 2002 3 19.6042781503
6685 2002 4 9.6421656511
6685 2002 5 17.6278701012
6685 2002 6 21.7588716218
6685 2002 7 29.1661228284
6685 2002 8 29.317141986
6685 2002 9 37.6224585705
6685 2002 10 17.7564054466
6685 2002 11 153.960020555
6685 2002 12 178.183874931
6685 2003 1 16.4625612535
6685 2003 2 421.945335831
6685 2003 3 165.212170504
6685 2003 4 154.584036904
6685 2003 5 120.222739344
6685 2003 6 20.2379829549
6685 2003 7 33.1085869715
6685 2003 8 36.79062211
6685 2003 9 30.5849855679
6685 2003 10 30.7079699589
6685 2003 11 43.7869836147
6685 2003 12 75.4740013606
6685 2004 1 31.0806106715
6685 2004 2 340.18083424
6685 2004 3 114.939093776
6685 2004 4 24.2310734998
6685 2004 5 27.0285928859
6685 2004 6 24.9766711892
6685 2004 7 31.2883520384
6685 2004 8 34.1885397444
6685 2004 9 32.3545275386
6685 2004 10 548.123790404
6685 2004 11 78.8233978325
6685 2004 12 568.218541055
6685 2005 1 1353.53392561
6685 2005 2 1211.51670515
6685 2005 3 274.395543607
6685 2005 4 86.6884364589
6685 2005 5 93.0437567196
6685 2005 6 28.6417293825
6685 2005 7 35.9320161674
6685 2005 8 36.9737358473
6685 2005 9 31.0812239066
6685 2005 10 127.387143121
6685 2005 11 18.6350544197
6685 2005 12 137.927243596
6685 2006 1 100.327109993
6685 2006 2 149.429478426
6685 2006 3 305.430357288
6685 2006 4 345.800507745
6685 2006 5 69.5612256485
6685 2006 6 34.4865504219
6685 2006 7 46.4595356337
6685 2006 8 35.0716120063
6685 2006 9 33.4726640852
6685 2006 10 21.8162906997
6685 2006 11 15.6813747582
6685 2006 12 44.784386939
6685 2007 1 24.643707952
6685 2007 2 126.594885372
6685 2007 3 28.0060613171
6685 2007 4 43.6291559902
6685 2007 5 10.5876266176
6685 2007 6 11.132415473
6685 2007 7 15.8867197378
6685 2007 8 16.4401910358
6685 2007 9 87.6579654193
6685 2007 10 48.2547354218
6685 2007 11 14.3623970642
6685 2007 12 132.341451091
6685 2008 1 716.230569516
6685 2008 2 166.866131683
6685 2008 3 23.9264989069
6685 2008 4 18.1017881917
6685 2008 5 26.6288395249
6685 2008 6 14.9062547793
6685 2008 7 17.9174294282
6685 2008 8 15.8645552435
6685 2008 9 12.8301258024
6685 2008 10 9.63781892314
6685 2008 11 126.372547366
6685 2008 12 189.891517591
6685 2009 1 32.2008624118
6685 2009 2 439.236235237
6685 2009 3 35.8128933751
6685 2009 4 22.5561500808
6685 2009 5 16.7249775233
6685 2009 6 9.0300538016
6685 2009 7 15.144969662
6685 2009 8 15.3447528453
6685 2009 9 13.6754584817
6685 2009 10 96.8272126897
6685 2009 11 7.86044063046
6685 2009 12 188.728296155
6685 2010 1 495.099434216
6685 2010 2 319.934989801
6685 2010 3 167.123222208
6685 2010 4 144.1809991
6685 2010 5 24.3171433674
6685 2010 6 16.2397051204
6685 2010 7 14.79396701
6685 2010 8 15.3723620246
6685 2010 9 12.9561217713
6685 2010 10 109.54888201
6685 2010 11 128.285160414
6685 2010 12 719.696584568
6685 2011 1 129.656092034
6685 2011 2 276.311823353
6685 2011 3 746.555887421
6685 2011 4 79.9005558137
6685 2011 5 61.2549044392
6685 2011 6 17.1214559433
6685 2011 7 17.0727324259
6685 2011 8 15.4014558
6685 2011 9 12.0418927056
6685 2011 10 64.8387269443
6685 2011 11 118.645634678
6685 2011 12 54.0379009247
6685 2012 1 102.424645689
6685 2012 2 7.83318993651
6685 2012 3 149.269705309
6685 2012 4 196.129992331
6685 2012 5 0
6685 2012 6 0
6685 2012 7 0
6685 2012 8 0
6685 2012 9 0
6685 2012 10 0
6685 2012 11 0
6685 2012 12 0
