5245 1986 1 1573.59112036
5245 1986 2 10685.2446035
5245 1986 3 19902.2907069
5245 1986 4 5102.24078865
5245 1986 5 53.0065975355
5245 1986 6 17.9837026906
5245 1986 7 17.0123414114
5245 1986 8 11.0989016664
5245 1986 9 143.563161916
5245 1986 10 18.3095389768
5245 1986 11 69.1316542635
5245 1986 12 25.4618805398
5245 1987 1 93.5960016653
5245 1987 2 71.4971897863
5245 1987 3 55.3966950908
5245 1987 4 8.98827397151
5245 1987 5 6.42072623917
5245 1987 6 14.6697908248
5245 1987 7 4.04999059362
5245 1987 8 6.31642520535
5245 1987 9 7.99182065154
5245 1987 10 196.312213305
5245 1987 11 83.4276044576
5245 1987 12 154.60883972
5245 1988 1 261.382854209
5245 1988 2 130.25689492
5245 1988 3 85.5307142075
5245 1988 4 135.83158075
5245 1988 5 391.659849696
5245 1988 6 10.6899750733
5245 1988 7 8.55992110823
5245 1988 8 7.54589715611
5245 1988 9 15.2302642581
5245 1988 10 9.02009092178
5245 1988 11 62.5844992472
5245 1988 12 231.840594126
5245 1989 1 41.4485336465
5245 1989 2 142.891451471
5245 1989 3 51.1325420966
5245 1989 4 14.4479919498
5245 1989 5 8.60635178259
5245 1989 6 7.16353479202
5245 1989 7 8.17811908199
5245 1989 8 8.09851899239
5245 1989 9 21.0253916582
5245 1989 10 12.993140982
5245 1989 11 19.1386281659
5245 1989 12 9.86549193528
5245 1990 1 107.438710331
5245 1990 2 186.740043763
5245 1990 3 21.2163725946
5245 1990 4 15.5439577973
5245 1990 5 78.7335146561
5245 1990 6 11.2420803919
5245 1990 7 11.6704082596
5245 1990 8 9.08370454583
5245 1990 9 10.8357396556
5245 1990 10 11.4767666882
5245 1990 11 18.0108303163
5245 1990 12 7.22275429963
5245 1991 1 128.590198036
5245 1991 2 302.823416076
5245 1991 3 4931.24213266
5245 1991 4 8930.88326294
5245 1991 5 634.656683901
5245 1991 6 14.7240233506
5245 1991 7 10.7717731136
5245 1991 8 8.99766848412
5245 1991 9 8.97086481936
5245 1991 10 36.4358999457
5245 1991 11 12.2538996073
5245 1991 12 133.383336183
5245 1992 1 180.456344054
5245 1992 2 36049.1907576
5245 1992 3 32019.8935461
5245 1992 4 8441.57816413
5245 1992 5 641.329411863
5245 1992 6 18.2441224766
5245 1992 7 28.722397759
5245 1992 8 11.5163901946
5245 1992 9 11.1037991487
5245 1992 10 87.0821550235
5245 1992 11 13.4459221082
5245 1992 12 609.73239587
5245 1993 1 81660.4230123
5245 1993 2 78358.4675793
5245 1993 3 13455.812653
5245 1993 4 4724.49611318
5245 1993 5 41.1362009375
5245 1993 6 103.310638355
5245 1993 7 16.0876199193
5245 1993 8 10.7560294743
5245 1993 9 9.3685223332
5245 1993 10 9.3454974925
5245 1993 11 37.0276680155
5245 1993 12 66.8072942577
5245 1994 1 28.9061741656
5245 1994 2 153.777085097
5245 1994 3 98.0787175823
5245 1994 4 70.1229111923
5245 1994 5 11.3795898715
5245 1994 6 12.5576133561
5245 1994 7 10.0606199769
5245 1994 8 10.8504652914
5245 1994 9 11.1264547179
5245 1994 10 36.4462769708
5245 1994 11 42.7594599719
5245 1994 12 61.2683805501
5245 1995 1 25403.6340081
5245 1995 2 19945.7411181
5245 1995 3 40491.1763021
5245 1995 4 6365.01186178
5245 1995 5 275.923025771
5245 1995 6 64.1173591283
5245 1995 7 19.1543033093
5245 1995 8 14.2968827562
5245 1995 9 10.9730591275
5245 1995 10 10.2945744451
5245 1995 11 7.63748590731
5245 1995 12 54.7813263525
5245 1996 1 193.184117318
5245 1996 2 1281.6448787
5245 1996 3 12896.1122589
5245 1996 4 2476.50997634
5245 1996 5 23.8678121857
5245 1996 6 14.275119605
5245 1996 7 11.5483905679
5245 1996 8 9.58044837988
5245 1996 9 9.36253564412
5245 1996 10 71.8461432927
5245 1996 11 162.645295586
5245 1996 12 269.818125099
5245 1997 1 909.281074213
5245 1997 2 3767.11993817
5245 1997 3 148.88868173
5245 1997 4 12.552038076
5245 1997 5 9.62508901625
5245 1997 6 6.17508898059
5245 1997 7 7.02484573889
5245 1997 8 7.36439451272
5245 1997 9 47.7187825926
5245 1997 10 11.5918150672
5245 1997 11 117.114247993
5245 1997 12 149.642893584
5245 1998 1 201.879426518
5245 1998 2 37042.965965
5245 1998 3 15446.4352161
5245 1998 4 10401.9965364
5245 1998 5 17103.5887398
5245 1998 6 2594.99459435
5245 1998 7 29.5180409017
5245 1998 8 20.3782297362
5245 1998 9 12.2224174759
5245 1998 10 9.87066693042
5245 1998 11 58.1080456263
5245 1998 12 13.2628849942
5245 1999 1 67.2534049746
5245 1999 2 38.8882191756
5245 1999 3 41.4529968729
5245 1999 4 104.382133221
5245 1999 5 21.6365661305
5245 1999 6 39.4803328487
5245 1999 7 10.6048195188
5245 1999 8 10.0292712282
5245 1999 9 8.21296149537
5245 1999 10 14.8877217271
5245 1999 11 12.0347881432
5245 1999 12 26.3074223128
5245 2000 1 42.4368102917
5245 2000 2 535.382042607
5245 2000 3 240.763094917
5245 2000 4 188.437255729
5245 2000 5 32.8290385066
5245 2000 6 19.2362811625
5245 2000 7 12.9073235409
5245 2000 8 11.8059096635
5245 2000 9 14.6311744971
5245 2000 10 56.5828130475
5245 2000 11 8.10860821774
5245 2000 12 7.05425620276
5245 2001 1 240.676171635
5245 2001 2 664.61912246
5245 2001 3 129.527867875
5245 2001 4 130.519459781
5245 2001 5 24.9880524063
5245 2001 6 18.5233386376
5245 2001 7 13.5505935661
5245 2001 8 9.87247880799
5245 2001 9 8.75356949968
5245 2001 10 9.76572721199
5245 2001 11 126.286960566
5245 2001 12 83.5154946814
5245 2002 1 65.9454212011
5245 2002 2 25.0249461511
5245 2002 3 29.1119587623
5245 2002 4 5.24318907979
5245 2002 5 9.81607977954
5245 2002 6 5.3909712034
5245 2002 7 5.94865411693
5245 2002 8 6.41267930186
5245 2002 9 8.13087810522
5245 2002 10 6.19436606609
5245 2002 11 157.910999593
5245 2002 12 151.02881713
5245 2003 1 14.3801231681
5245 2003 2 717.517117774
5245 2003 3 7686.56743379
5245 2003 4 4354.99673275
5245 2003 5 808.159199489
5245 2003 6 20.2922872433
5245 2003 7 16.0348025436
5245 2003 8 14.1420815757
5245 2003 9 10.7781608034
5245 2003 10 21.7355132082
5245 2003 11 29.898435614
5245 2003 12 110.527666608
5245 2004 1 17.3062934963
5245 2004 2 656.995563138
5245 2004 3 124.049171402
5245 2004 4 27.7510599085
5245 2004 5 16.2645599444
5245 2004 6 8.43315432625
5245 2004 7 8.23170682428
5245 2004 8 7.78299306371
5245 2004 9 8.86649679799
5245 2004 10 1117.38081455
5245 2004 11 99.6852457599
5245 2004 12 539.274464999
5245 2005 1 94329.6096455
5245 2005 2 75042.8233397
5245 2005 3 16715.5464001
5245 2005 4 4191.39905654
5245 2005 5 125.122551772
5245 2005 6 24.2617672041
5245 2005 7 22.1416623514
5245 2005 8 13.8482308559
5245 2005 9 19.5789582164
5245 2005 10 94.1260230664
5245 2005 11 11.7325865538
5245 2005 12 83.4236364845
5245 2006 1 90.4595313375
5245 2006 2 185.129608715
5245 2006 3 347.61916055
5245 2006 4 2124.46176267
5245 2006 5 635.972908715
5245 2006 6 24.0046533698
5245 2006 7 19.1053145772
5245 2006 8 11.0227809381
5245 2006 9 11.6064624434
5245 2006 10 10.901634071
5245 2006 11 10.4707485836
5245 2006 12 35.8411819969
5245 2007 1 25.8325785636
5245 2007 2 128.902970525
5245 2007 3 23.3519148723
5245 2007 4 70.4986608099
5245 2007 5 15.8404863569
5245 2007 6 12.4196438205
5245 2007 7 13.6251753073
5245 2007 8 16.8361390366
5245 2007 9 80.8595254016
5245 2007 10 40.8341100019
5245 2007 11 59.4031864566
5245 2007 12 122.253550111
5245 2008 1 4944.29129765
5245 2008 2 12372.7771905
5245 2008 3 2700.50669705
5245 2008 4 23.0917328586
5245 2008 5 129.645363794
5245 2008 6 18.7962996273
5245 2008 7 25.0181738213
5245 2008 8 16.1399523224
5245 2008 9 14.4079383663
5245 2008 10 19.7177257799
5245 2008 11 96.5029667865
5245 2008 12 155.640794505
5245 2009 1 55.5537473535
5245 2009 2 386.711646236
5245 2009 3 38.493516255
5245 2009 4 23.2362946925
5245 2009 5 15.8704052285
5245 2009 6 11.2148635259
5245 2009 7 15.2812435756
5245 2009 8 19.6671030813
5245 2009 9 15.2548068953
5245 2009 10 68.4937947921
5245 2009 11 15.4096423265
5245 2009 12 189.734026041
5245 2010 1 578.815589127
5245 2010 2 15866.037946
5245 2010 3 9630.07845158
5245 2010 4 1045.18551219
5245 2010 5 25.721894985
5245 2010 6 14.7707642321
5245 2010 7 12.6663028451
5245 2010 8 16.371441822
5245 2010 9 15.9818394336
5245 2010 10 78.4698315365
5245 2010 11 72.8371214155
5245 2010 12 11171.6730794
5245 2011 1 9246.17360718
5245 2011 2 1673.29639445
5245 2011 3 5882.53847214
5245 2011 4 5349.13991194
5245 2011 5 57.2920258794
5245 2011 6 20.9999881526
5245 2011 7 21.9796389779
5245 2011 8 20.3179362182
5245 2011 9 16.817928542
5245 2011 10 94.6846007362
5245 2011 11 67.8470108286
5245 2011 12 39.0530204531
5245 2012 1 56.4060294552
5245 2012 2 51.8751021754
5245 2012 3 116.200556622
5245 2012 4 131.165408695
5245 2012 5 0
5245 2012 6 0
5245 2012 7 0
5245 2012 8 0
5245 2012 9 0
5245 2012 10 0
5245 2012 11 0
5245 2012 12 0
