5471 1986 1 2395.12535992
5471 1986 2 3498.45312947
5471 1986 3 4565.59238364
5471 1986 4 1804.79425455
5471 1986 5 696.724650302
5471 1986 6 61.335857033
5471 1986 7 33.5339155456
5471 1986 8 34.9351847249
5471 1986 9 327.711136769
5471 1986 10 50.583937576
5471 1986 11 107.923233204
5471 1986 12 46.8521451844
5471 1987 1 506.606486296
5471 1987 2 111.446322871
5471 1987 3 95.6644411894
5471 1987 4 37.2007966803
5471 1987 5 21.9301114006
5471 1987 6 22.4233153554
5471 1987 7 16.3587663837
5471 1987 8 25.6405005203
5471 1987 9 31.7451011441
5471 1987 10 757.675764115
5471 1987 11 451.110280501
5471 1987 12 301.592927139
5471 1988 1 449.87790596
5471 1988 2 335.383914939
5471 1988 3 377.108031932
5471 1988 4 829.425305689
5471 1988 5 156.847083034
5471 1988 6 35.6486594384
5471 1988 7 29.6665169815
5471 1988 8 26.2198792157
5471 1988 9 40.9257544335
5471 1988 10 24.8130047506
5471 1988 11 150.441370784
5471 1988 12 1000.28958949
5471 1989 1 267.28754677
5471 1989 2 1637.74845617
5471 1989 3 914.319973861
5471 1989 4 116.910886302
5471 1989 5 29.0878871627
5471 1989 6 24.2879767993
5471 1989 7 33.4062317722
5471 1989 8 33.3791402867
5471 1989 9 64.3921399811
5471 1989 10 48.6044998149
5471 1989 11 65.2461051761
5471 1989 12 27.0569863955
5471 1990 1 272.468049094
5471 1990 2 600.024236297
5471 1990 3 53.7314379187
5471 1990 4 108.828785051
5471 1990 5 107.47350976
5471 1990 6 33.2244157407
5471 1990 7 45.3318475412
5471 1990 8 38.9925567657
5471 1990 9 44.6355195841
5471 1990 10 35.1773031493
5471 1990 11 58.7182265858
5471 1990 12 16.6185976334
5471 1991 1 500.267191998
5471 1991 2 773.186417461
5471 1991 3 3328.9065931
5471 1991 4 1752.18331398
5471 1991 5 665.440161366
5471 1991 6 58.8471924539
5471 1991 7 27.550341898
5471 1991 8 28.1718788265
5471 1991 9 35.0105052148
5471 1991 10 80.2206144928
5471 1991 11 23.7856118897
5471 1991 12 318.810627973
5471 1992 1 671.351503347
5471 1992 2 2850.69838699
5471 1992 3 5154.02928305
5471 1992 4 1889.36696051
5471 1992 5 764.676452359
5471 1992 6 66.4573407443
5471 1992 7 61.6884061215
5471 1992 8 37.757416155
5471 1992 9 36.1609476976
5471 1992 10 205.193579804
5471 1992 11 31.5530249525
5471 1992 12 1002.29029016
5471 1993 1 8162.51959739
5471 1993 2 6584.36659418
5471 1993 3 3308.26323304
5471 1993 4 1583.32594327
5471 1993 5 575.290169087
5471 1993 6 310.591309249
5471 1993 7 37.6387548502
5471 1993 8 29.3433981968
5471 1993 9 31.1815877136
5471 1993 10 27.8970148955
5471 1993 11 71.25238492
5471 1993 12 80.124270243
5471 1994 1 56.1204863404
5471 1994 2 458.028006118
5471 1994 3 312.495808325
5471 1994 4 96.7844824822
5471 1994 5 28.3100730633
5471 1994 6 32.9914451849
5471 1994 7 33.9751526634
5471 1994 8 41.3101623334
5471 1994 9 40.0824130952
5471 1994 10 91.2204966411
5471 1994 11 106.082252417
5471 1994 12 113.923871129
5471 1995 1 5471.47459335
5471 1995 2 3229.5460799
5471 1995 3 6484.59286764
5471 1995 4 2067.56076511
5471 1995 5 876.38380222
5471 1995 6 246.192020924
5471 1995 7 49.8514360192
5471 1995 8 39.2150954902
5471 1995 9 34.5023419766
5471 1995 10 29.3571657575
5471 1995 11 17.5223126861
5471 1995 12 72.2843434261
5471 1996 1 338.489232206
5471 1996 2 2743.13120828
5471 1996 3 3556.56073085
5471 1996 4 1377.46512196
5471 1996 5 456.397069421
5471 1996 6 44.2033153111
5471 1996 7 34.0970734278
5471 1996 8 37.0007852949
5471 1996 9 36.6193251254
5471 1996 10 120.406759718
5471 1996 11 426.547387993
5471 1996 12 1057.57574825
5471 1997 1 3040.96684751
5471 1997 2 1711.43532147
5471 1997 3 635.603908158
5471 1997 4 49.2778582262
5471 1997 5 29.8764518979
5471 1997 6 31.5606145354
5471 1997 7 28.2023453768
5471 1997 8 31.627449066
5471 1997 9 82.8640814841
5471 1997 10 29.9208775427
5471 1997 11 281.547465966
5471 1997 12 481.301806895
5471 1998 1 486.897931998
5471 1998 2 6786.4490766
5471 1998 3 4080.2584944
5471 1998 4 2171.8733513
5471 1998 5 3673.01546682
5471 1998 6 1071.1010201
5471 1998 7 268.810656837
5471 1998 8 57.2242840597
5471 1998 9 29.1537769163
5471 1998 10 20.3681804648
5471 1998 11 91.1914161379
5471 1998 12 34.6208206591
5471 1999 1 157.811244426
5471 1999 2 154.961952357
5471 1999 3 56.6226618825
5471 1999 4 129.686581077
5471 1999 5 45.6551052977
5471 1999 6 34.8361631333
5471 1999 7 33.4499212789
5471 1999 8 33.0875644009
5471 1999 9 29.8008904014
5471 1999 10 36.6424727958
5471 1999 11 23.4442169449
5471 1999 12 22.7894490719
5471 2000 1 49.4362492299
5471 2000 2 1293.78834356
5471 2000 3 1532.0484606
5471 2000 4 959.358623865
5471 2000 5 200.289626102
5471 2000 6 38.5479693384
5471 2000 7 32.9018021812
5471 2000 8 37.1141827798
5471 2000 9 41.5962470398
5471 2000 10 98.7437976995
5471 2000 11 17.9069093017
5471 2000 12 12.6828853491
5471 2001 1 468.740405849
5471 2001 2 1512.92917618
5471 2001 3 1404.45717311
5471 2001 4 1174.0808103
5471 2001 5 195.85632395
5471 2001 6 35.6278936649
5471 2001 7 34.1626369953
5471 2001 8 30.5729998752
5471 2001 9 27.4728342828
5471 2001 10 28.4984883168
5471 2001 11 256.160742206
5471 2001 12 130.37973558
5471 2002 1 166.381995004
5471 2002 2 36.0406097256
5471 2002 3 86.5355298733
5471 2002 4 16.4442897
5471 2002 5 25.137521041
5471 2002 6 19.6734891701
5471 2002 7 24.3574716672
5471 2002 8 26.6310722747
5471 2002 9 31.3279764647
5471 2002 10 180.841047569
5471 2002 11 244.760849819
5471 2002 12 302.136257431
5471 2003 1 25.0921657538
5471 2003 2 533.634939341
5471 2003 3 1899.02667833
5471 2003 4 1328.95643984
5471 2003 5 1099.28622431
5471 2003 6 89.8341191003
5471 2003 7 31.3769966588
5471 2003 8 36.2645536364
5471 2003 9 34.6978864291
5471 2003 10 42.3834530126
5471 2003 11 36.6008674049
5471 2003 12 195.809092319
5471 2004 1 36.0320665789
5471 2004 2 767.531395106
5471 2004 3 228.995611142
5471 2004 4 58.830794237
5471 2004 5 32.2587469984
5471 2004 6 22.3536691032
5471 2004 7 26.087274267
5471 2004 8 29.8133113715
5471 2004 9 34.906216896
5471 2004 10 1525.92359065
5471 2004 11 365.47378141
5471 2004 12 862.515539856
5471 2005 1 8287.10927026
5471 2005 2 6775.37410663
5471 2005 3 3976.71562306
5471 2005 4 1737.33751794
5471 2005 5 1333.86840948
5471 2005 6 204.609958724
5471 2005 7 38.6598494426
5471 2005 8 36.5297437628
5471 2005 9 43.3433403131
5471 2005 10 239.566089379
5471 2005 11 25.9406559155
5471 2005 12 183.908754725
5471 2006 1 81.0843430668
5471 2006 2 309.661060052
5471 2006 3 621.044205955
5471 2006 4 3650.22772585
5471 2006 5 1328.74384577
5471 2006 6 369.453050921
5471 2006 7 54.0511432694
5471 2006 8 33.1927557393
5471 2006 9 38.231540881
5471 2006 10 27.9430089344
5471 2006 11 25.7237879953
5471 2006 12 43.4808905754
5471 2007 1 40.6453044595
5471 2007 2 178.243315872
5471 2007 3 35.5233145588
5471 2007 4 106.83354232
5471 2007 5 40.759754289
5471 2007 6 46.2300237169
5471 2007 7 65.0513833442
5471 2007 8 67.4762882452
5471 2007 9 91.4546456959
5471 2007 10 60.6436884597
5471 2007 11 155.692772351
5471 2007 12 345.573401091
5471 2008 1 3120.4929207
5471 2008 2 2224.37937096
5471 2008 3 1112.59477181
5471 2008 4 207.727078207
5471 2008 5 135.74646881
5471 2008 6 57.2219400619
5471 2008 7 72.3305544064
5471 2008 8 65.7467410917
5471 2008 9 54.0759438141
5471 2008 10 52.0417943832
5471 2008 11 143.042493865
5471 2008 12 393.969574254
5471 2009 1 70.8840883205
5471 2009 2 1398.48841596
5471 2009 3 120.017765797
5471 2009 4 55.3689747334
5471 2009 5 41.0141809317
5471 2009 6 30.5382962123
5471 2009 7 62.270502693
5471 2009 8 66.8097462238
5471 2009 9 64.7156684992
5471 2009 10 155.832290171
5471 2009 11 30.6444846907
5471 2009 12 592.253267983
5471 2010 1 736.667452735
5471 2010 2 2368.91105162
5471 2010 3 1903.44948187
5471 2010 4 1006.41314749
5471 2010 5 196.295994273
5471 2010 6 43.121544425
5471 2010 7 49.9832402414
5471 2010 8 62.3871993737
5471 2010 9 57.452494419
5471 2010 10 135.385525584
5471 2010 11 171.841151412
5471 2010 12 3814.87825406
5471 2011 1 2399.2412503
5471 2011 2 1934.82778723
5471 2011 3 2831.13049276
5471 2011 4 1510.86599237
5471 2011 5 662.733361091
5471 2011 6 61.8717673381
5471 2011 7 59.7628493083
5471 2011 8 60.2510121605
5471 2011 9 52.1152738093
5471 2011 10 174.964477555
5471 2011 11 103.421676078
5471 2011 12 53.5846724572
5471 2012 1 178.934502576
5471 2012 2 107.461535033
5471 2012 3 257.784049766
5471 2012 4 266.70919034
5471 2012 5 0
5471 2012 6 0
5471 2012 7 0
5471 2012 8 0
5471 2012 9 0
5471 2012 10 0
5471 2012 11 0
5471 2012 12 0
