5002 1986 1 382.181039387
5002 1986 2 819.734300865
5002 1986 3 463.997880023
5002 1986 4 89.2893090439
5002 1986 5 44.9173857566
5002 1986 6 36.4920442743
5002 1986 7 51.6789496021
5002 1986 8 45.3682143841
5002 1986 9 213.11358313
5002 1986 10 35.7639926093
5002 1986 11 117.219536084
5002 1986 12 13.4347267291
5002 1987 1 40.518108331
5002 1987 2 104.864361255
5002 1987 3 77.8229940853
5002 1987 4 18.91388629
5002 1987 5 18.9425590116
5002 1987 6 27.5797238827
5002 1987 7 33.9757997037
5002 1987 8 43.0089734988
5002 1987 9 38.2870428366
5002 1987 10 200.673728809
5002 1987 11 56.9859481562
5002 1987 12 169.694799179
5002 1988 1 263.967360082
5002 1988 2 22.0637186471
5002 1988 3 21.0756387592
5002 1988 4 180.737736437
5002 1988 5 37.356481279
5002 1988 6 39.1138952871
5002 1988 7 39.4153201128
5002 1988 8 39.695342893
5002 1988 9 38.6073695253
5002 1988 10 24.2212081509
5002 1988 11 76.6663780389
5002 1988 12 232.305894868
5002 1989 1 43.7535241813
5002 1989 2 98.2342811831
5002 1989 3 61.1781582785
5002 1989 4 20.1797347934
5002 1989 5 22.307948794
5002 1989 6 26.28823159
5002 1989 7 38.3240209273
5002 1989 8 41.8444123822
5002 1989 9 60.0783401548
5002 1989 10 72.1104087427
5002 1989 11 24.4190204439
5002 1989 12 65.1525227543
5002 1990 1 100.518527097
5002 1990 2 234.516457842
5002 1990 3 18.9780744127
5002 1990 4 83.9121148994
5002 1990 5 124.522309215
5002 1990 6 40.7445683512
5002 1990 7 53.6903585307
5002 1990 8 42.9026371339
5002 1990 9 42.1379368145
5002 1990 10 32.504458475
5002 1990 11 30.9770093455
5002 1990 12 21.0188917381
5002 1991 1 164.325178242
5002 1991 2 520.434517146
5002 1991 3 547.785849692
5002 1991 4 59.154024871
5002 1991 5 44.8596636737
5002 1991 6 33.7805449882
5002 1991 7 35.8001078449
5002 1991 8 33.9413282638
5002 1991 9 29.5248542728
5002 1991 10 40.1999179709
5002 1991 11 24.2673302884
5002 1991 12 266.950747503
5002 1992 1 192.002973461
5002 1992 2 788.902741332
5002 1992 3 437.906744339
5002 1992 4 51.3360128404
5002 1992 5 33.2240212304
5002 1992 6 35.2117212482
5002 1992 7 37.3987976895
5002 1992 8 46.5142325646
5002 1992 9 41.8297252033
5002 1992 10 73.6879447334
5002 1992 11 22.0976980614
5002 1992 12 744.2693708
5002 1993 1 1232.02937075
5002 1993 2 603.153031393
5002 1993 3 316.774391336
5002 1993 4 64.8711429957
5002 1993 5 45.4252010433
5002 1993 6 138.526791776
5002 1993 7 41.1370877632
5002 1993 8 36.2701137603
5002 1993 9 35.2553519743
5002 1993 10 26.1876690743
5002 1993 11 91.7760705634
5002 1993 12 81.2046887525
5002 1994 1 50.9800634164
5002 1994 2 740.052321929
5002 1994 3 246.324335809
5002 1994 4 66.94766324
5002 1994 5 38.3187029804
5002 1994 6 34.9343858981
5002 1994 7 40.390359088
5002 1994 8 45.0417033608
5002 1994 9 41.1627897537
5002 1994 10 35.4890278291
5002 1994 11 70.6980298682
5002 1994 12 114.073311681
5002 1995 1 2390.68027617
5002 1995 2 95.3403356878
5002 1995 3 897.752381437
5002 1995 4 67.9814297676
5002 1995 5 33.952117314
5002 1995 6 89.6758236963
5002 1995 7 40.9630605083
5002 1995 8 46.4481670552
5002 1995 9 45.389987029
5002 1995 10 27.616798481
5002 1995 11 13.2845095178
5002 1995 12 309.731993561
5002 1996 1 193.451933272
5002 1996 2 466.510149942
5002 1996 3 225.432748079
5002 1996 4 99.2374329157
5002 1996 5 43.4893220145
5002 1996 6 39.3347887687
5002 1996 7 44.8087779769
5002 1996 8 44.4953912337
5002 1996 9 38.3517908051
5002 1996 10 148.175182064
5002 1996 11 293.377447934
5002 1996 12 536.391822203
5002 1997 1 796.505938436
5002 1997 2 44.9763335129
5002 1997 3 39.5585264114
5002 1997 4 29.778396411
5002 1997 5 26.0094885014
5002 1997 6 27.0650391971
5002 1997 7 31.6721610417
5002 1997 8 33.6527929568
5002 1997 9 83.9435156967
5002 1997 10 32.9686354731
5002 1997 11 379.269083814
5002 1997 12 553.833070607
5002 1998 1 180.250055235
5002 1998 2 1866.056521
5002 1998 3 637.260261681
5002 1998 4 89.6259181902
5002 1998 5 51.0928198092
5002 1998 6 39.2161036041
5002 1998 7 43.2098023899
5002 1998 8 46.0100024412
5002 1998 9 36.5297988817
5002 1998 10 27.0369196842
5002 1998 11 171.712111566
5002 1998 12 49.0993235874
5002 1999 1 160.347329474
5002 1999 2 47.8887838894
5002 1999 3 140.128420699
5002 1999 4 288.865317985
5002 1999 5 59.2509890978
5002 1999 6 27.4574384221
5002 1999 7 35.9811648683
5002 1999 8 37.2414558969
5002 1999 9 29.6884328964
5002 1999 10 30.0827880192
5002 1999 11 16.5790463989
5002 1999 12 13.8449938676
5002 2000 1 55.9269490692
5002 2000 2 390.306952338
5002 2000 3 259.012229728
5002 2000 4 122.753974561
5002 2000 5 31.7138509466
5002 2000 6 35.6438728256
5002 2000 7 41.9425909733
5002 2000 8 41.0875120795
5002 2000 9 42.9930903324
5002 2000 10 302.137224594
5002 2000 11 25.3370915434
5002 2000 12 12.2985045811
5002 2001 1 470.724708375
5002 2001 2 926.320861795
5002 2001 3 174.349416704
5002 2001 4 96.1537251646
5002 2001 5 33.1716474387
5002 2001 6 32.8523956214
5002 2001 7 36.5255666497
5002 2001 8 33.3533603459
5002 2001 9 26.8523634536
5002 2001 10 20.9631901012
5002 2001 11 152.801443855
5002 2001 12 109.622745626
5002 2002 1 50.2297087271
5002 2002 2 30.8149935727
5002 2002 3 20.2461047783
5002 2002 4 10.2952961808
5002 2002 5 22.7408258209
5002 2002 6 21.2439234304
5002 2002 7 26.5938520436
5002 2002 8 27.4427242684
5002 2002 9 29.3849591121
5002 2002 10 91.2460104167
5002 2002 11 153.790404371
5002 2002 12 294.054803145
5002 2003 1 19.6742556807
5002 2003 2 583.819384383
5002 2003 3 531.639671455
5002 2003 4 186.166816057
5002 2003 5 80.946097913
5002 2003 6 19.4782834368
5002 2003 7 54.5893705159
5002 2003 8 34.2611072613
5002 2003 9 31.0281602974
5002 2003 10 21.171162323
5002 2003 11 14.6514185069
5002 2003 12 180.091978288
5002 2004 1 81.8145126486
5002 2004 2 416.140387432
5002 2004 3 31.4714691448
5002 2004 4 25.7301705713
5002 2004 5 34.0296247909
5002 2004 6 27.9798593489
5002 2004 7 34.5427251194
5002 2004 8 37.2505554294
5002 2004 9 38.8832536081
5002 2004 10 608.841501759
5002 2004 11 118.169650566
5002 2004 12 670.855781264
5002 2005 1 961.061201135
5002 2005 2 278.952523286
5002 2005 3 128.650380963
5002 2005 4 138.936908637
5002 2005 5 40.9101025947
5002 2005 6 31.6240040261
5002 2005 7 37.4367875289
5002 2005 8 39.5080092013
5002 2005 9 48.5403080445
5002 2005 10 78.2769794257
5002 2005 11 28.1618871406
5002 2005 12 149.664135775
5002 2006 1 33.3383996583
5002 2006 2 263.708913648
5002 2006 3 187.40618747
5002 2006 4 205.619806915
5002 2006 5 86.2585011657
5002 2006 6 33.5358087811
5002 2006 7 50.5508427321
5002 2006 8 43.2267988854
5002 2006 9 39.0085985957
5002 2006 10 41.8139137272
5002 2006 11 22.6005110856
5002 2006 12 47.1117656436
5002 2007 1 6.66349849939
5002 2007 2 50.3917241508
5002 2007 3 5.87536275842
5002 2007 4 55.079250088
5002 2007 5 9.58320252458
5002 2007 6 11.0422507247
5002 2007 7 16.5178302277
5002 2007 8 18.1514955039
5002 2007 9 195.693753881
5002 2007 10 85.9818407932
5002 2007 11 117.439491235
5002 2007 12 113.938946716
5002 2008 1 585.614696163
5002 2008 2 264.292009756
5002 2008 3 33.5969166817
5002 2008 4 25.9802158612
5002 2008 5 21.0595147535
5002 2008 6 19.1239579498
5002 2008 7 20.9583735156
5002 2008 8 18.4771440275
5002 2008 9 14.4236529837
5002 2008 10 11.1124910883
5002 2008 11 261.671579768
5002 2008 12 320.841809998
5002 2009 1 26.1440284057
5002 2009 2 497.24510081
5002 2009 3 51.4832293424
5002 2009 4 24.8727932804
5002 2009 5 22.3797027434
5002 2009 6 11.7425367128
5002 2009 7 19.1126624485
5002 2009 8 17.6091912921
5002 2009 9 15.674299664
5002 2009 10 87.5729709319
5002 2009 11 8.10795853384
5002 2009 12 276.542193627
5002 2010 1 870.307447499
5002 2010 2 570.047160743
5002 2010 3 64.2955452762
5002 2010 4 87.5258928638
5002 2010 5 29.3542797622
5002 2010 6 20.3136555937
5002 2010 7 18.3355146402
5002 2010 8 18.224450604
5002 2010 9 14.7686255772
5002 2010 10 136.601346869
5002 2010 11 60.1856357195
5002 2010 12 1432.28030794
5002 2011 1 157.23153369
5002 2011 2 199.251811048
5002 2011 3 350.745285029
5002 2011 4 37.4493126432
5002 2011 5 86.4797506536
5002 2011 6 21.1765826737
5002 2011 7 21.3020671493
5002 2011 8 18.4087670799
5002 2011 9 24.8577279268
5002 2011 10 81.2087624122
5002 2011 11 126.614955435
5002 2011 12 88.370874437
5002 2012 1 127.329688282
5002 2012 2 27.1473020476
5002 2012 3 186.878534277
5002 2012 4 171.477408052
5002 2012 5 0
5002 2012 6 0
5002 2012 7 0
5002 2012 8 0
5002 2012 9 0
5002 2012 10 0
5002 2012 11 0
5002 2012 12 0
