2001 1986 1 3882.38763754
2001 1986 2 8183.22287559
2001 1986 3 5441.29499426
2001 1986 4 715.240461564
2001 1986 5 393.567765301
2001 1986 6 280.868284144
2001 1986 7 467.824413209
2001 1986 8 314.988717356
2001 1986 9 2073.91700684
2001 1986 10 340.746112032
2001 1986 11 1407.58226913
2001 1986 12 354.095004354
2001 1987 1 1556.41192352
2001 1987 2 531.022096539
2001 1987 3 900.750576845
2001 1987 4 174.214075114
2001 1987 5 152.234011818
2001 1987 6 223.761854571
2001 1987 7 260.440642503
2001 1987 8 316.063463973
2001 1987 9 278.002243377
2001 1987 10 2473.20209121
2001 1987 11 646.985123111
2001 1987 12 1989.16828092
2001 1988 1 1440.12940983
2001 1988 2 1731.15042954
2001 1988 3 294.542311348
2001 1988 4 2231.22051268
2001 1988 5 344.152828585
2001 1988 6 319.613363485
2001 1988 7 303.953656595
2001 1988 8 290.72995332
2001 1988 9 335.817977149
2001 1988 10 185.905801205
2001 1988 11 913.535684477
2001 1988 12 5591.24556226
2001 1989 1 500.69456989
2001 1989 2 1440.47605487
2001 1989 3 976.71412544
2001 1989 4 215.23846571
2001 1989 5 294.249825719
2001 1989 6 210.994982564
2001 1989 7 300.651349352
2001 1989 8 302.749042348
2001 1989 9 422.460999775
2001 1989 10 566.318833006
2001 1989 11 428.349813213
2001 1989 12 245.404751131
2001 1990 1 1205.18921949
2001 1990 2 2725.38655907
2001 1990 3 196.506438726
2001 1990 4 404.965283276
2001 1990 5 1098.2794932
2001 1990 6 320.705413111
2001 1990 7 425.688785812
2001 1990 8 323.734392301
2001 1990 9 326.494147246
2001 1990 10 264.303297024
2001 1990 11 318.712193685
2001 1990 12 190.054800703
2001 1991 1 1756.27560801
2001 1991 2 4507.02324835
2001 1991 3 4640.79694169
2001 1991 4 449.397827554
2001 1991 5 352.44200992
2001 1991 6 248.241210429
2001 1991 7 292.53984248
2001 1991 8 234.724076018
2001 1991 9 236.040645794
2001 1991 10 245.042125018
2001 1991 11 190.687667726
2001 1991 12 2758.22771333
2001 1992 1 1776.32191556
2001 1992 2 5700.30126444
2001 1992 3 6166.27233705
2001 1992 4 492.784953558
2001 1992 5 299.570457486
2001 1992 6 278.926718231
2001 1992 7 375.887522265
2001 1992 8 335.430498988
2001 1992 9 305.288191146
2001 1992 10 645.676211802
2001 1992 11 180.187668254
2001 1992 12 5013.79663804
2001 1993 1 10095.1201033
2001 1993 2 7121.97649723
2001 1993 3 2760.49541511
2001 1993 4 518.973070296
2001 1993 5 369.584952864
2001 1993 6 1122.43051295
2001 1993 7 315.006722757
2001 1993 8 270.598853412
2001 1993 9 257.740328493
2001 1993 10 212.713464909
2001 1993 11 1082.61912758
2001 1993 12 1268.38854859
2001 1994 1 421.221992027
2001 1994 2 4878.4859661
2001 1994 3 1689.95721999
2001 1994 4 596.504323477
2001 1994 5 191.959426884
2001 1994 6 253.37842169
2001 1994 7 292.612081771
2001 1994 8 340.88977687
2001 1994 9 313.303797414
2001 1994 10 346.335825359
2001 1994 11 623.190416991
2001 1994 12 1194.3173968
2001 1995 1 20303.3144537
2001 1995 2 998.368937624
2001 1995 3 8539.39889246
2001 1995 4 1114.11756493
2001 1995 5 515.513120122
2001 1995 6 869.096274673
2001 1995 7 309.797016444
2001 1995 8 332.949278325
2001 1995 9 339.242831288
2001 1995 10 231.211620138
2001 1995 11 116.78929094
2001 1995 12 2202.56478731
2001 1996 1 2256.63782887
2001 1996 2 4732.88702533
2001 1996 3 1904.99268222
2001 1996 4 866.164467237
2001 1996 5 349.091493681
2001 1996 6 304.638983718
2001 1996 7 334.157044881
2001 1996 8 328.438838659
2001 1996 9 303.001618311
2001 1996 10 1429.95732794
2001 1996 11 2456.22039938
2001 1996 12 5671.14322382
2001 1997 1 6052.82784748
2001 1997 2 398.06497044
2001 1997 3 325.892927092
2001 1997 4 246.302022743
2001 1997 5 215.28613242
2001 1997 6 222.771282113
2001 1997 7 290.69883482
2001 1997 8 276.045866449
2001 1997 9 619.686211812
2001 1997 10 271.83446838
2001 1997 11 2512.54159196
2001 1997 12 4524.15216056
2001 1998 1 3791.75745086
2001 1998 2 18163.1563654
2001 1998 3 4918.41187675
2001 1998 4 2152.93415819
2001 1998 5 2569.50826721
2001 1998 6 400.088024304
2001 1998 7 358.847272123
2001 1998 8 339.873881283
2001 1998 9 277.391633746
2001 1998 10 208.689381384
2001 1998 11 1547.02586582
2001 1998 12 565.068225053
2001 1999 1 1302.3872218
2001 1999 2 415.385853098
2001 1999 3 1610.49179859
2001 1999 4 2349.72359083
2001 1999 5 233.627289577
2001 1999 6 944.241278848
2001 1999 7 277.982765997
2001 1999 8 300.36371243
2001 1999 9 233.672116784
2001 1999 10 233.776614073
2001 1999 11 289.679788673
2001 1999 12 180.434750133
2001 2000 1 707.600880753
2001 2000 2 4695.33723445
2001 2000 3 3039.29464458
2001 2000 4 2018.33367506
2001 2000 5 321.054131954
2001 2000 6 301.447208557
2001 2000 7 328.161774535
2001 2000 8 322.299605463
2001 2000 9 296.814245328
2001 2000 10 1558.3697598
2001 2000 11 187.937646763
2001 2000 12 103.984909019
2001 2001 1 4480.07873832
2001 2001 2 7655.90240076
2001 2001 3 1735.46127781
2001 2001 4 1167.77629774
2001 2001 5 254.952868908
2001 2001 6 252.826053867
2001 2001 7 292.087143391
2001 2001 8 251.709439172
2001 2001 9 202.41580506
2001 2001 10 164.898089153
2001 2001 11 1192.80162631
2001 2001 12 920.709794226
2001 2002 1 637.386392528
2001 2002 2 311.773323157
2001 2002 3 180.839355898
2001 2002 4 91.8043582792
2001 2002 5 207.156431297
2001 2002 6 173.332402355
2001 2002 7 210.466411494
2001 2002 8 220.798220477
2001 2002 9 232.509824007
2001 2002 10 145.597795261
2001 2002 11 1848.47691168
2001 2002 12 2350.69593387
2001 2003 1 149.760396843
2001 2003 2 5683.76763343
2001 2003 3 3290.60619617
2001 2003 4 1320.27089315
2001 2003 5 1689.38584752
2001 2003 6 178.017252264
2001 2003 7 329.681186563
2001 2003 8 286.327196282
2001 2003 9 246.790307447
2001 2003 10 283.993821748
2001 2003 11 1394.7615668
2001 2003 12 1326.14928779
2001 2004 1 643.836596676
2001 2004 2 4767.05615555
2001 2004 3 1334.85561492
2001 2004 4 309.856002859
2001 2004 5 292.338848817
2001 2004 6 222.365144384
2001 2004 7 262.961607145
2001 2004 8 281.417824101
2001 2004 9 300.763589086
2001 2004 10 5552.9996867
2001 2004 11 602.329103839
2001 2004 12 6848.14226406
2001 2005 1 9850.71085823
2001 2005 2 11292.6124996
2001 2005 3 1887.37529513
2001 2005 4 1613.611466
2001 2005 5 527.798425817
2001 2005 6 279.560891702
2001 2005 7 287.217801348
2001 2005 8 282.377118841
2001 2005 9 460.740797262
2001 2005 10 954.157611547
2001 2005 11 379.54258804
2001 2005 12 1009.34035767
2001 2006 1 1398.4449687
2001 2006 2 2120.842579
2001 2006 3 2792.3381247
2001 2006 4 1685.27545312
2001 2006 5 877.659992661
2001 2006 6 290.315581859
2001 2006 7 407.692276693
2001 2006 8 332.720950679
2001 2006 9 303.635810521
2001 2006 10 395.426728972
2001 2006 11 241.710372702
2001 2006 12 671.721039618
2001 2007 1 284.721796237
2001 2007 2 578.610142995
2001 2007 3 68.9032135822
2001 2007 4 537.104717252
2001 2007 5 87.0635528582
2001 2007 6 93.5406514295
2001 2007 7 134.228395134
2001 2007 8 144.630615486
2001 2007 9 435.695618649
2001 2007 10 688.253778474
2001 2007 11 1072.09162855
2001 2007 12 1781.12165344
2001 2008 1 7571.5645139
2001 2008 2 3245.72373336
2001 2008 3 327.031409148
2001 2008 4 237.707929486
2001 2008 5 225.560038038
2001 2008 6 163.156142313
2001 2008 7 173.575519026
2001 2008 8 151.030644089
2001 2008 9 119.050292628
2001 2008 10 93.4653632284
2001 2008 11 1946.78227007
2001 2008 12 2861.22013966
2001 2009 1 388.042586926
2001 2009 2 4890.71105521
2001 2009 3 210.341650251
2001 2009 4 189.269725488
2001 2009 5 173.548837114
2001 2009 6 103.741005698
2001 2009 7 147.077959575
2001 2009 8 142.720613743
2001 2009 9 125.012298307
2001 2009 10 1421.9424066
2001 2009 11 80.8060344814
2001 2009 12 2149.62386526
2001 2010 1 5980.07202455
2001 2010 2 5396.9569937
2001 2010 3 451.780947974
2001 2010 4 1284.74484149
2001 2010 5 245.1188735
2001 2010 6 170.941636943
2001 2010 7 149.538406549
2001 2010 8 146.109780145
2001 2010 9 120.54979546
2001 2010 10 1628.26073286
2001 2010 11 503.756411399
2001 2010 12 13032.0904301
2001 2011 1 1293.59013569
2001 2011 2 1932.76435888
2001 2011 3 4539.25212141
2001 2011 4 352.090615952
2001 2011 5 849.448657953
2001 2011 6 195.907302099
2001 2011 7 186.972985585
2001 2011 8 155.60337809
2001 2011 9 118.811691372
2001 2011 10 684.581695381
2001 2011 11 1375.141172
2001 2011 12 951.121680968
2001 2012 1 1258.97758047
2001 2012 2 248.233908187
2001 2012 3 2181.58526365
2001 2012 4 2032.5333144
2001 2012 5 0
2001 2012 6 0
2001 2012 7 0
2001 2012 8 0
2001 2012 9 0
2001 2012 10 0
2001 2012 11 0
2001 2012 12 0
