6240 1986 1 534.247030827
6240 1986 2 2841.33185695
6240 1986 3 3750.89166476
6240 1986 4 234.119855749
6240 1986 5 34.2159062545
6240 1986 6 22.4619642258
6240 1986 7 16.3000013415
6240 1986 8 13.4315227619
6240 1986 9 95.34060131
6240 1986 10 51.3739086262
6240 1986 11 78.4022195822
6240 1986 12 30.0716150035
6240 1987 1 119.36806186
6240 1987 2 106.586649969
6240 1987 3 69.0504710394
6240 1987 4 16.1309716773
6240 1987 5 12.7211345566
6240 1987 6 16.1310937823
6240 1987 7 8.37464845623
6240 1987 8 8.82211738524
6240 1987 9 11.0266068777
6240 1987 10 210.123393916
6240 1987 11 135.199975732
6240 1987 12 151.147465081
6240 1988 1 190.768165279
6240 1988 2 155.136173674
6240 1988 3 77.7545192129
6240 1988 4 187.031726977
6240 1988 5 34.6130699197
6240 1988 6 17.5487471109
6240 1988 7 12.1250567086
6240 1988 8 9.99347714131
6240 1988 9 10.9114991225
6240 1988 10 10.6336941258
6240 1988 11 74.6080787205
6240 1988 12 244.588240397
6240 1989 1 52.3471307437
6240 1989 2 175.930992605
6240 1989 3 54.2758028061
6240 1989 4 18.069603556
6240 1989 5 15.3984388638
6240 1989 6 10.3140769202
6240 1989 7 10.2063926222
6240 1989 8 10.1442932014
6240 1989 9 47.0804915119
6240 1989 10 28.0604416326
6240 1989 11 36.0087474982
6240 1989 12 14.607468018
6240 1990 1 170.338627568
6240 1990 2 251.529281351
6240 1990 3 32.7303847925
6240 1990 4 73.2626714741
6240 1990 5 83.6915912372
6240 1990 6 19.4213301691
6240 1990 7 17.5246519403
6240 1990 8 14.5791553652
6240 1990 9 13.7614586355
6240 1990 10 14.5445748707
6240 1990 11 38.4058246926
6240 1990 12 10.4498932235
6240 1991 1 108.471602749
6240 1991 2 569.677793804
6240 1991 3 4788.24488666
6240 1991 4 726.060408411
6240 1991 5 33.6781271663
6240 1991 6 19.0873823726
6240 1991 7 13.5795983126
6240 1991 8 11.0978936877
6240 1991 9 12.1363851936
6240 1991 10 36.9090387263
6240 1991 11 15.7235024333
6240 1991 12 184.849450471
6240 1992 1 160.930368968
6240 1992 2 4871.64815803
6240 1992 3 4666.15822655
6240 1992 4 557.799880768
6240 1992 5 38.3667760974
6240 1992 6 25.2809547414
6240 1992 7 49.332440983
6240 1992 8 17.44724137
6240 1992 9 14.8578911307
6240 1992 10 130.353964563
6240 1992 11 25.2364502351
6240 1992 12 876.476673325
6240 1993 1 8779.15750502
6240 1993 2 6618.59213347
6240 1993 3 2485.90503239
6240 1993 4 496.041182149
6240 1993 5 39.5524382843
6240 1993 6 92.0432754929
6240 1993 7 22.1698460652
6240 1993 8 14.1927587493
6240 1993 9 11.9440966332
6240 1993 10 13.4390829555
6240 1993 11 48.5052027226
6240 1993 12 66.6774969576
6240 1994 1 34.3428980127
6240 1994 2 175.333066634
6240 1994 3 140.551726527
6240 1994 4 69.8187356608
6240 1994 5 35.7267842328
6240 1994 6 19.6192078754
6240 1994 7 14.4397229935
6240 1994 8 14.3909898636
6240 1994 9 14.1155938317
6240 1994 10 40.6281229883
6240 1994 11 43.1900212981
6240 1994 12 51.8147947484
6240 1995 1 5827.36015317
6240 1995 2 1974.67201671
6240 1995 3 6061.47454975
6240 1995 4 409.053164501
6240 1995 5 41.1827440801
6240 1995 6 97.4961748871
6240 1995 7 32.5093471226
6240 1995 8 21.0439373192
6240 1995 9 14.7773028489
6240 1995 10 13.1200965661
6240 1995 11 9.52773698995
6240 1995 12 50.5974681676
6240 1996 1 171.995673971
6240 1996 2 2096.67419651
6240 1996 3 2060.11123528
6240 1996 4 121.301615743
6240 1996 5 31.1136355025
6240 1996 6 17.7914113529
6240 1996 7 14.2274519111
6240 1996 8 11.6663545862
6240 1996 9 11.5052163636
6240 1996 10 64.3852568813
6240 1996 11 132.616771666
6240 1996 12 357.102692394
6240 1997 1 571.642132111
6240 1997 2 196.158890481
6240 1997 3 33.0375076198
6240 1997 4 16.6994342051
6240 1997 5 12.5957163494
6240 1997 6 8.84103769977
6240 1997 7 8.9614329534
6240 1997 8 9.27184130916
6240 1997 9 22.8814600146
6240 1997 10 12.3625257798
6240 1997 11 148.84446981
6240 1997 12 189.267329601
6240 1998 1 114.080538461
6240 1998 2 6652.34322413
6240 1998 3 2496.85697014
6240 1998 4 961.601797552
6240 1998 5 2117.36798757
6240 1998 6 91.6332196219
6240 1998 7 41.8514085422
6240 1998 8 28.5978801991
6240 1998 9 16.2743829498
6240 1998 10 12.5958359354
6240 1998 11 83.2216374063
6240 1998 12 61.0734649187
6240 1999 1 77.5127381191
6240 1999 2 57.8199415616
6240 1999 3 67.8171506261
6240 1999 4 163.236951495
6240 1999 5 45.8365690542
6240 1999 6 32.4731176845
6240 1999 7 16.3594077707
6240 1999 8 13.9108913535
6240 1999 9 10.8257493432
6240 1999 10 18.6650488679
6240 1999 11 18.1253856072
6240 1999 12 39.8539869022
6240 2000 1 50.9928320442
6240 2000 2 1327.23347898
6240 2000 3 1732.61660332
6240 2000 4 269.294609309
6240 2000 5 36.6820551425
6240 2000 6 25.6358411152
6240 2000 7 16.5956588466
6240 2000 8 14.820214819
6240 2000 9 24.2390604203
6240 2000 10 56.9460463764
6240 2000 11 10.8814239038
6240 2000 12 8.90133270477
6240 2001 1 276.204783548
6240 2001 2 678.934309671
6240 2001 3 1319.77981908
6240 2001 4 163.303386535
6240 2001 5 30.3009466689
6240 2001 6 24.1446087902
6240 2001 7 17.5888917537
6240 2001 8 12.5248173026
6240 2001 9 10.9610612691
6240 2001 10 12.1163309885
6240 2001 11 120.012289996
6240 2001 12 54.1062453174
6240 2002 1 96.0783867187
6240 2002 2 27.2616310491
6240 2002 3 34.389731976
6240 2002 4 6.33667493197
6240 2002 5 14.177111912
6240 2002 6 7.55446800266
6240 2002 7 7.40804434136
6240 2002 8 7.77133082728
6240 2002 9 19.0367839179
6240 2002 10 8.10142477344
6240 2002 11 141.859250372
6240 2002 12 158.165927326
6240 2003 1 17.3382853943
6240 2003 2 417.74224746
6240 2003 3 1094.1559664
6240 2003 4 267.593663021
6240 2003 5 99.9937760363
6240 2003 6 30.7724973511
6240 2003 7 20.6271021891
6240 2003 8 17.0600788386
6240 2003 9 13.3324029478
6240 2003 10 36.1565859955
6240 2003 11 41.1508254127
6240 2003 12 110.464497484
6240 2004 1 22.5672912255
6240 2004 2 433.161560259
6240 2004 3 94.6091166536
6240 2004 4 29.6199846937
6240 2004 5 19.9296783547
6240 2004 6 10.0760888612
6240 2004 7 9.79194104433
6240 2004 8 9.35999635402
6240 2004 9 10.674916355
6240 2004 10 584.828017522
6240 2004 11 91.700093855
6240 2004 12 815.907585463
6240 2005 1 9081.84680028
6240 2005 2 6136.17101259
6240 2005 3 2025.73753639
6240 2005 4 149.625013685
6240 2005 5 43.9913612044
6240 2005 6 28.8415062972
6240 2005 7 25.3132333075
6240 2005 8 16.5458562655
6240 2005 9 23.1244768327
6240 2005 10 97.7208624223
6240 2005 11 15.0404205076
6240 2005 12 64.366038693
6240 2006 1 118.269549443
6240 2006 2 178.395080957
6240 2006 3 267.783920072
6240 2006 4 389.546177603
6240 2006 5 78.2264264555
6240 2006 6 33.3059763684
6240 2006 7 25.1878302456
6240 2006 8 14.0656430912
6240 2006 9 14.2650147394
6240 2006 10 12.7182610271
6240 2006 11 10.8137845171
6240 2006 12 44.7103942729
6240 2007 1 35.6573373283
6240 2007 2 119.121617882
6240 2007 3 17.8453275785
6240 2007 4 50.3737638108
6240 2007 5 16.6938169168
6240 2007 6 13.8877274925
6240 2007 7 16.3032353612
6240 2007 8 20.4486499346
6240 2007 9 64.3378819136
6240 2007 10 40.9409665019
6240 2007 11 48.1369552846
6240 2007 12 142.277749382
6240 2008 1 2647.44985335
6240 2008 2 1080.88876583
6240 2008 3 67.6734136759
6240 2008 4 30.4736249957
6240 2008 5 55.8556033612
6240 2008 6 18.8387590339
6240 2008 7 20.1523777033
6240 2008 8 19.0553164889
6240 2008 9 17.5780506793
6240 2008 10 23.3335855559
6240 2008 11 112.118398175
6240 2008 12 186.221973616
6240 2009 1 71.8172222698
6240 2009 2 412.129168818
6240 2009 3 65.0457022494
6240 2009 4 31.0152358555
6240 2009 5 20.405519765
6240 2009 6 11.0751673383
6240 2009 7 18.7016835211
6240 2009 8 20.8628781788
6240 2009 9 18.6687844758
6240 2009 10 74.1491373378
6240 2009 11 19.3178203845
6240 2009 12 255.324299144
6240 2010 1 1278.53581117
6240 2010 2 2404.665372
6240 2010 3 912.259956864
6240 2010 4 173.606323361
6240 2010 5 39.4112838467
6240 2010 6 20.8672944013
6240 2010 7 16.7064050814
6240 2010 8 20.7702763149
6240 2010 9 20.1840822213
6240 2010 10 113.768104133
6240 2010 11 73.881996332
6240 2010 12 3431.08290362
6240 2011 1 774.036888846
6240 2011 2 385.553243309
6240 2011 3 994.387732293
6240 2011 4 184.161750299
6240 2011 5 53.7639034009
6240 2011 6 25.7656950559
6240 2011 7 27.4386923561
6240 2011 8 25.1164396502
6240 2011 9 21.2440597846
6240 2011 10 78.0565110157
6240 2011 11 95.031550496
6240 2011 12 38.9293595977
6240 2012 1 59.319806759
6240 2012 2 38.0662264539
6240 2012 3 119.000285577
6240 2012 4 111.16747321
6240 2012 5 0
6240 2012 6 0
6240 2012 7 0
6240 2012 8 0
6240 2012 9 0
6240 2012 10 0
6240 2012 11 0
6240 2012 12 0
