6253 1986 1 490.205862025
6253 1986 2 2977.18471873
6253 1986 3 3279.43660823
6253 1986 4 1095.15986039
6253 1986 5 94.3527390056
6253 1986 6 35.3516281922
6253 1986 7 18.4785642796
6253 1986 8 12.3200385862
6253 1986 9 38.6034618478
6253 1986 10 19.1100547032
6253 1986 11 42.9160899525
6253 1986 12 17.785691552
6253 1987 1 81.0298724875
6253 1987 2 57.6851295404
6253 1987 3 65.4931360324
6253 1987 4 24.1717590059
6253 1987 5 10.9592425244
6253 1987 6 13.6995652485
6253 1987 7 6.61733035976
6253 1987 8 10.8097413159
6253 1987 9 10.010727799
6253 1987 10 132.658509187
6253 1987 11 398.670430606
6253 1987 12 370.766267285
6253 1988 1 274.85955032
6253 1988 2 193.074527172
6253 1988 3 450.941869145
6253 1988 4 296.143399045
6253 1988 5 191.692134926
6253 1988 6 44.2325174999
6253 1988 7 18.8708118986
6253 1988 8 10.961829339
6253 1988 9 9.41803334756
6253 1988 10 9.14809229627
6253 1988 11 49.4556844994
6253 1988 12 267.844094848
6253 1989 1 175.264323822
6253 1989 2 442.081268807
6253 1989 3 133.914630728
6253 1989 4 49.2088725246
6253 1989 5 22.590174893
6253 1989 6 12.5471860336
6253 1989 7 9.89989563964
6253 1989 8 8.81531250497
6253 1989 9 23.8064326747
6253 1989 10 20.0110004215
6253 1989 11 24.4099395628
6253 1989 12 12.8181465912
6253 1990 1 126.530072369
6253 1990 2 243.790397344
6253 1990 3 81.2338830577
6253 1990 4 68.5709110734
6253 1990 5 64.759383014
6253 1990 6 26.9024469969
6253 1990 7 17.8892048683
6253 1990 8 11.3670406674
6253 1990 9 11.6183264067
6253 1990 10 11.8704352964
6253 1990 11 31.4002147775
6253 1990 12 9.26120245435
6253 1991 1 76.9705595766
6253 1991 2 253.521896205
6253 1991 3 3879.82031939
6253 1991 4 1564.8965844
6253 1991 5 111.356212597
6253 1991 6 35.5951948571
6253 1991 7 17.1774930242
6253 1991 8 10.7726443846
6253 1991 9 9.78829871567
6253 1991 10 25.8955543686
6253 1991 11 14.3952994567
6253 1991 12 98.6819295703
6253 1992 1 276.895389843
6253 1992 2 3569.73824964
6253 1992 3 3672.76902244
6253 1992 4 1253.16290978
6253 1992 5 99.034457456
6253 1992 6 38.1997349908
6253 1992 7 46.669817893
6253 1992 8 20.5655812074
6253 1992 9 13.9131867275
6253 1992 10 71.0103634218
6253 1992 11 56.9319124706
6253 1992 12 474.208497975
6253 1993 1 5991.24349794
6253 1993 2 4698.62339166
6253 1993 3 2688.81425387
6253 1993 4 1301.49019913
6253 1993 5 98.2053302866
6253 1993 6 116.579369738
6253 1993 7 35.183574871
6253 1993 8 16.4689996817
6253 1993 9 11.2019376414
6253 1993 10 12.0109355407
6253 1993 11 29.3879567172
6253 1993 12 39.0762354253
6253 1994 1 24.5199777035
6253 1994 2 154.361943648
6253 1994 3 142.935215122
6253 1994 4 98.4593104973
6253 1994 5 72.6084878573
6253 1994 6 31.388569766
6253 1994 7 17.2725343527
6253 1994 8 13.8701912325
6253 1994 9 12.2091695874
6253 1994 10 21.9064207609
6253 1994 11 29.9851654423
6253 1994 12 33.3302437995
6253 1995 1 4182.4408336
6253 1995 2 2394.81574473
6253 1995 3 4585.18247001
6253 1995 4 1392.06781722
6253 1995 5 130.608419498
6253 1995 6 126.977183121
6253 1995 7 56.6655794681
6253 1995 8 26.2089753496
6253 1995 9 14.6466226959
6253 1995 10 11.9206732128
6253 1995 11 7.9448910797
6253 1995 12 28.5387221945
6253 1996 1 57.5382825242
6253 1996 2 1531.18611346
6253 1996 3 2381.61636635
6253 1996 4 677.712139493
6253 1996 5 86.7543074592
6253 1996 6 31.0421693782
6253 1996 7 16.7048175292
6253 1996 8 11.0115532996
6253 1996 9 9.81262526281
6253 1996 10 37.1630228185
6253 1996 11 87.1147629374
6253 1996 12 389.743122479
6253 1997 1 974.172622266
6253 1997 2 1081.03327442
6253 1997 3 92.7104490351
6253 1997 4 30.4817952101
6253 1997 5 15.5556940369
6253 1997 6 9.16449739268
6253 1997 7 8.23556118077
6253 1997 8 7.88634515285
6253 1997 9 21.2297319929
6253 1997 10 11.4367405026
6253 1997 11 86.7488554565
6253 1997 12 166.160252305
6253 1998 1 69.165914003
6253 1998 2 4430.81053255
6253 1998 3 2421.8200669
6253 1998 4 1353.25474521
6253 1998 5 2395.43793985
6253 1998 6 423.252899342
6253 1998 7 70.1268155212
6253 1998 8 34.2594041044
6253 1998 9 16.3529268694
6253 1998 10 11.2639200164
6253 1998 11 52.8425322174
6253 1998 12 21.055170764
6253 1999 1 45.9177367117
6253 1999 2 58.4155610867
6253 1999 3 53.8188654479
6253 1999 4 162.895399908
6253 1999 5 38.5491372781
6253 1999 6 46.4567137915
6253 1999 7 17.2363241937
6253 1999 8 12.610474269
6253 1999 9 9.20191152524
6253 1999 10 15.3792398034
6253 1999 11 13.3545503835
6253 1999 12 23.5195586493
6253 2000 1 32.5518104557
6253 2000 2 1125.09888353
6253 2000 3 2111.58925119
6253 2000 4 341.991350474
6253 2000 5 135.666816546
6253 2000 6 42.2652391927
6253 2000 7 19.7248923707
6253 2000 8 13.8780382635
6253 2000 9 21.4758514617
6253 2000 10 33.6091577633
6253 2000 11 10.0090203697
6253 2000 12 7.70146954655
6253 2001 1 158.612330593
6253 2001 2 939.699129954
6253 2001 3 2106.90960601
6253 2001 4 456.513969827
6253 2001 5 82.4380853038
6253 2001 6 34.8262192964
6253 2001 7 19.3291089143
6253 2001 8 11.700561086
6253 2001 9 9.39606361494
6253 2001 10 10.0095955323
6253 2001 11 60.9790607428
6253 2001 12 32.1807036144
6253 2002 1 62.0752254541
6253 2002 2 24.6238263106
6253 2002 3 34.8415326793
6253 2002 4 7.57947807018
6253 2002 5 12.8386113138
6253 2002 6 7.90170644157
6253 2002 7 6.578287441
6253 2002 8 6.56159378556
6253 2002 9 21.6678273823
6253 2002 10 7.21550218214
6253 2002 11 96.6531865448
6253 2002 12 126.076501503
6253 2003 1 34.1763963896
6253 2003 2 535.571880449
6253 2003 3 1535.83191721
6253 2003 4 1091.77890679
6253 2003 5 243.235941811
6253 2003 6 64.4150365123
6253 2003 7 31.7840879379
6253 2003 8 18.8490066543
6253 2003 9 12.4257342834
6253 2003 10 19.364912254
6253 2003 11 35.3528990269
6253 2003 12 62.2836272464
6253 2004 1 19.8027221666
6253 2004 2 205.57941883
6253 2004 3 186.168571417
6253 2004 4 42.9752227839
6253 2004 5 23.2178218837
6253 2004 6 10.2687345042
6253 2004 7 8.9541424955
6253 2004 8 8.05555490582
6253 2004 9 8.81948129721
6253 2004 10 426.374140015
6253 2004 11 184.143954762
6253 2004 12 393.121944324
6253 2005 1 6385.0196185
6253 2005 2 4262.26668734
6253 2005 3 2302.0917988
6253 2005 4 555.903114436
6253 2005 5 118.426033698
6253 2005 6 45.0582152121
6253 2005 7 29.4583770328
6253 2005 8 16.3145600961
6253 2005 9 17.4129744761
6253 2005 10 58.1920490738
6253 2005 11 14.9404297053
6253 2005 12 25.6572525581
6253 2006 1 132.546519214
6253 2006 2 68.7245093202
6253 2006 3 223.575378655
6253 2006 4 434.34786349
6253 2006 5 99.3895006804
6253 2006 6 47.3787097523
6253 2006 7 27.8088425014
6253 2006 8 13.5142781786
6253 2006 9 12.3616200428
6253 2006 10 10.7375318938
6253 2006 11 9.80580336303
6253 2006 12 23.5300140766
6253 2007 1 25.1006659385
6253 2007 2 58.1396431919
6253 2007 3 18.322494524
6253 2007 4 31.5141254552
6253 2007 5 14.6147998503
6253 2007 6 11.862144926
6253 2007 7 13.4093495011
6253 2007 8 16.6823225792
6253 2007 9 40.0451348305
6253 2007 10 27.0867350488
6253 2007 11 20.9392276017
6253 2007 12 103.493016962
6253 2008 1 1731.12552115
6253 2008 2 1731.31906654
6253 2008 3 246.303365695
6253 2008 4 54.9407318247
6253 2008 5 54.1016847054
6253 2008 6 22.6259582671
6253 2008 7 19.0671939639
6253 2008 8 16.4728025715
6253 2008 9 14.4217122358
6253 2008 10 19.1872243343
6253 2008 11 61.3482420378
6253 2008 12 103.371926185
6253 2009 1 57.968382135
6253 2009 2 320.070601882
6253 2009 3 68.4611348157
6253 2009 4 33.3279663797
6253 2009 5 19.3065114016
6253 2009 6 9.9486656945
6253 2009 7 15.8966488938
6253 2009 8 17.2042997747
6253 2009 9 15.2977686672
6253 2009 10 50.9739994946
6253 2009 11 18.3410899051
6253 2009 12 195.973806583
6253 2010 1 925.657134573
6253 2010 2 2374.48196838
6253 2010 3 1552.09825469
6253 2010 4 251.624260929
6253 2010 5 84.0721828641
6253 2010 6 30.9031718096
6253 2010 7 17.7914498623
6253 2010 8 18.1820652087
6253 2010 9 16.9010144891
6253 2010 10 80.7449750288
6253 2010 11 52.7842684136
6253 2010 12 1706.48488189
6253 2011 1 1333.88326154
6253 2011 2 279.109425314
6253 2011 3 1128.14779497
6253 2011 4 707.560707535
6253 2011 5 76.5255967688
6253 2011 6 32.1955342062
6253 2011 7 25.9127731999
6253 2011 8 21.5889276042
6253 2011 9 17.4243046222
6253 2011 10 39.3630621262
6253 2011 11 48.3756899627
6253 2011 12 30.9925114237
6253 2012 1 36.0151309129
6253 2012 2 24.036062972
6253 2012 3 99.2009065743
6253 2012 4 145.694836792
6253 2012 5 0
6253 2012 6 0
6253 2012 7 0
6253 2012 8 0
6253 2012 9 0
6253 2012 10 0
6253 2012 11 0
6253 2012 12 0
