5466 1986 1 1266.46892617
5466 1986 2 1589.52643996
5466 1986 3 1768.15025403
5466 1986 4 1384.98479375
5466 1986 5 85.5094913891
5466 1986 6 12.8305853962
5466 1986 7 9.3613074285
5466 1986 8 8.13393545449
5466 1986 9 45.4720236986
5466 1986 10 12.116515497
5466 1986 11 19.8372022158
5466 1986 12 8.95665241434
5466 1987 1 64.4828275613
5466 1987 2 21.6856198114
5466 1987 3 19.6481208459
5466 1987 4 10.1071207538
5466 1987 5 6.39365834721
5466 1987 6 5.60376532032
5466 1987 7 3.97700125856
5466 1987 8 5.59450532358
5466 1987 9 6.19030778354
5466 1987 10 47.3707477552
5466 1987 11 39.1946774696
5466 1987 12 42.7494236719
5466 1988 1 571.900582477
5466 1988 2 439.664472231
5466 1988 3 895.457921159
5466 1988 4 236.079389292
5466 1988 5 190.446544702
5466 1988 6 10.4276663164
5466 1988 7 7.5999616474
5466 1988 8 6.11518036553
5466 1988 9 7.73256062788
5466 1988 10 4.75343694329
5466 1988 11 22.5388939315
5466 1988 12 166.014809409
5466 1989 1 106.907865081
5466 1989 2 838.573916604
5466 1989 3 80.0230716564
5466 1989 4 13.3150328306
5466 1989 5 9.48602927497
5466 1989 6 7.34934194475
5466 1989 7 8.81058824776
5466 1989 8 7.81555581474
5466 1989 9 13.2886169658
5466 1989 10 9.24659969367
5466 1989 11 12.5471930117
5466 1989 12 6.48364594957
5466 1990 1 36.6965688349
5466 1990 2 67.5470638728
5466 1990 3 12.8487521112
5466 1990 4 38.1527031412
5466 1990 5 26.0951471912
5466 1990 6 11.5616963002
5466 1990 7 12.0738678993
5466 1990 8 8.61115939038
5466 1990 9 9.16979936457
5466 1990 10 6.25287358509
5466 1990 11 8.72737172414
5466 1990 12 2.24706400713
5466 1991 1 46.0673516493
5466 1991 2 170.579468125
5466 1991 3 1740.75086772
5466 1991 4 1345.53616767
5466 1991 5 137.23956086
5466 1991 6 9.92156109582
5466 1991 7 7.6312365716
5466 1991 8 6.71672165945
5466 1991 9 6.20361052502
5466 1991 10 13.1277887166
5466 1991 11 4.00450480139
5466 1991 12 22.787042294
5466 1992 1 62.1582110264
5466 1992 2 1231.21538116
5466 1992 3 1929.59472812
5466 1992 4 1324.40794682
5466 1992 5 116.488799807
5466 1992 6 12.3893967268
5466 1992 7 12.9845657722
5466 1992 8 8.57935495416
5466 1992 9 6.94125207987
5466 1992 10 31.4407053597
5466 1992 11 6.61616302986
5466 1992 12 235.10170589
5466 1993 1 2498.89346235
5466 1993 2 2147.14514822
5466 1993 3 1606.57796433
5466 1993 4 1099.35993887
5466 1993 5 27.6274777313
5466 1993 6 30.9788853766
5466 1993 7 10.5842627884
5466 1993 8 7.23692963306
5466 1993 9 6.06276238056
5466 1993 10 4.23649729012
5466 1993 11 8.63755047096
5466 1993 12 12.1839357328
5466 1994 1 9.2536546468
5466 1994 2 52.1929264627
5466 1994 3 44.2582770607
5466 1994 4 23.7210137284
5466 1994 5 8.1349899136
5466 1994 6 9.70314923139
5466 1994 7 8.19452041661
5466 1994 8 9.01721260475
5466 1994 9 7.86725159005
5466 1994 10 13.5450410559
5466 1994 11 14.0069419241
5466 1994 12 13.4480463497
5466 1995 1 1672.84011361
5466 1995 2 1421.14284904
5466 1995 3 2070.53516222
5466 1995 4 1340.87001722
5466 1995 5 181.932643508
5466 1995 6 27.78054214
5466 1995 7 13.093701569
5466 1995 8 9.80524876161
5466 1995 9 7.26770381176
5466 1995 10 4.91863867797
5466 1995 11 2.38019528055
5466 1995 12 12.5794196616
5466 1996 1 48.792236857
5466 1996 2 806.885133322
5466 1996 3 1606.53718602
5466 1996 4 792.546672113
5466 1996 5 15.6353169322
5466 1996 6 9.64833948749
5466 1996 7 8.11016577781
5466 1996 8 7.60219147775
5466 1996 9 6.81220890326
5466 1996 10 16.757097173
5466 1996 11 41.4075034914
5466 1996 12 111.677617459
5466 1997 1 1430.07944838
5466 1997 2 867.351595378
5466 1997 3 14.6156904387
5466 1997 4 10.5523520788
5466 1997 5 9.3928459739
5466 1997 6 6.67064884436
5466 1997 7 7.11464356756
5466 1997 8 6.99024947505
5466 1997 9 15.6459580321
5466 1997 10 5.49050814595
5466 1997 11 39.1277232187
5466 1997 12 45.9169141765
5466 1998 1 80.4718861577
5466 1998 2 2002.23407185
5466 1998 3 1643.41044329
5466 1998 4 1393.41516196
5466 1998 5 1720.93980223
5466 1998 6 396.816624456
5466 1998 7 17.4339845274
5466 1998 8 14.0341031559
5466 1998 9 6.52883654372
5466 1998 10 4.1746526998
5466 1998 11 14.8639536923
5466 1998 12 7.89420475336
5466 1999 1 23.2196203629
5466 1999 2 17.4204962547
5466 1999 3 11.0530565368
5466 1999 4 28.6410247901
5466 1999 5 9.80917383593
5466 1999 6 9.21878790399
5466 1999 7 7.57616463126
5466 1999 8 7.77166664313
5466 1999 9 6.16956296542
5466 1999 10 5.94587796871
5466 1999 11 3.72350312897
5466 1999 12 4.23874129348
5466 2000 1 8.91727095175
5466 2000 2 474.251399964
5466 2000 3 450.914923511
5466 2000 4 92.1626292088
5466 2000 5 18.7976767937
5466 2000 6 11.1933012812
5466 2000 7 8.7653905925
5466 2000 8 8.42642150385
5466 2000 9 8.28142299747
5466 2000 10 13.9051858305
5466 2000 11 2.83699206323
5466 2000 12 1.95007324675
5466 2001 1 50.0376936671
5466 2001 2 863.15435621
5466 2001 3 1477.38487047
5466 2001 4 379.248224758
5466 2001 5 15.0010227889
5466 2001 6 11.0927975244
5466 2001 7 9.02018889888
5466 2001 8 7.03332908088
5466 2001 9 5.2884630177
5466 2001 10 4.49947387436
5466 2001 11 29.8997437344
5466 2001 12 25.1348511215
5466 2002 1 21.8517126773
5466 2002 2 6.43754134179
5466 2002 3 15.0917052152
5466 2002 4 4.30366228416
5466 2002 5 7.08565408528
5466 2002 6 5.59368174575
5466 2002 7 5.91840008121
5466 2002 8 5.80574211421
5466 2002 9 5.90368845097
5466 2002 10 33.9056122652
5466 2002 11 49.2074799277
5466 2002 12 38.6622987114
5466 2003 1 6.36600908661
5466 2003 2 606.284549145
5466 2003 3 1470.1556019
5466 2003 4 1295.14752842
5466 2003 5 781.901839218
5466 2003 6 15.1729206211
5466 2003 7 10.6568590369
5466 2003 8 9.71638727266
5466 2003 9 8.01234489423
5466 2003 10 6.71666422954
5466 2003 11 7.19377333001
5466 2003 12 24.093469734
5466 2004 1 5.60705468631
5466 2004 2 184.090557454
5466 2004 3 891.938154858
5466 2004 4 12.0672440049
5466 2004 5 9.80519883734
5466 2004 6 5.98939242894
5466 2004 7 6.40729847818
5466 2004 8 6.93742488183
5466 2004 9 7.42276340482
5466 2004 10 423.35295042
5466 2004 11 77.0601278004
5466 2004 12 252.562754179
5466 2005 1 2225.95528489
5466 2005 2 1926.24622427
5466 2005 3 1626.06883129
5466 2005 4 1257.10865157
5466 2005 5 773.072485887
5466 2005 6 16.8243571711
5466 2005 7 11.5181368494
5466 2005 8 8.98088638907
5466 2005 9 10.8014348524
5466 2005 10 29.9009606242
5466 2005 11 5.05368786773
5466 2005 12 17.2219658769
5466 2006 1 9.90106772865
5466 2006 2 30.2562214964
5466 2006 3 166.59914652
5466 2006 4 1530.3836069
5466 2006 5 670.176644146
5466 2006 6 13.8662933264
5466 2006 7 11.2052616882
5466 2006 8 7.75368040203
5466 2006 9 7.84057648561
5466 2006 10 5.2311598022
5466 2006 11 4.26752184243
5466 2006 12 6.44691466212
5466 2007 1 7.09299757282
5466 2007 2 27.0777244339
5466 2007 3 8.19839305588
5466 2007 4 21.7793750286
5466 2007 5 9.91852331998
5466 2007 6 10.5693721249
5466 2007 7 14.7743806121
5466 2007 8 15.3128339392
5466 2007 9 15.3014847791
5466 2007 10 10.5928817613
5466 2007 11 19.0597107746
5466 2007 12 34.9099163101
5466 2008 1 1465.96892769
5466 2008 2 1512.40854638
5466 2008 3 796.558640223
5466 2008 4 13.3314040927
5466 2008 5 18.5162121698
5466 2008 6 11.5264928045
5466 2008 7 15.1256654241
5466 2008 8 14.7299675711
5466 2008 9 11.6420394035
5466 2008 10 10.0644270084
5466 2008 11 23.3459673733
5466 2008 12 41.5927329993
5466 2009 1 9.67152688473
5466 2009 2 1006.10560021
5466 2009 3 725.482943559
5466 2009 4 12.684633834
5466 2009 5 10.679637093
5466 2009 6 6.88143891589
5466 2009 7 13.4705465716
5466 2009 8 14.891774447
5466 2009 9 14.2941288235
5466 2009 10 17.1228433401
5466 2009 11 4.79692635467
5466 2009 12 44.8421738467
5466 2010 1 704.588455811
5466 2010 2 1498.42779865
5466 2010 3 1441.12085379
5466 2010 4 1067.01048875
5466 2010 5 14.9150787264
5466 2010 6 10.8980850573
5466 2010 7 12.0009698698
5466 2010 8 14.755404315
5466 2010 9 11.6355177376
5466 2010 10 19.9209237388
5466 2010 11 20.6987086117
5466 2010 12 1125.56459388
5466 2011 1 1509.11453436
5466 2011 2 1106.23774369
5466 2011 3 1641.02442792
5466 2011 4 1125.0965851
5466 2011 5 21.7165861851
5466 2011 6 10.9861893286
5466 2011 7 14.1751201671
5466 2011 8 15.5565735817
5466 2011 9 12.469692368
5466 2011 10 23.0381398518
5466 2011 11 17.7741893536
5466 2011 12 9.1034985849
5466 2012 1 18.1835736272
5466 2012 2 21.7284631809
5466 2012 3 39.6127354642
5466 2012 4 40.758368117
5466 2012 5 0
5466 2012 6 0
5466 2012 7 0
5466 2012 8 0
5466 2012 9 0
5466 2012 10 0
5466 2012 11 0
5466 2012 12 0
