6726 1986 1 6189.74702016
6726 1986 2 9761.74146123
6726 1986 3 8942.52674662
6726 1986 4 2792.78499016
6726 1986 5 804.206494863
6726 1986 6 275.345049657
6726 1986 7 207.835575934
6726 1986 8 159.489210104
6726 1986 9 277.241265837
6726 1986 10 153.138541327
6726 1986 11 216.442706778
6726 1986 12 118.54714293
6726 1987 1 320.809998805
6726 1987 2 185.966177402
6726 1987 3 313.920898185
6726 1987 4 126.487113372
6726 1987 5 108.482734577
6726 1987 6 105.860367331
6726 1987 7 112.318622946
6726 1987 8 144.983465969
6726 1987 9 134.801052655
6726 1987 10 1140.54219883
6726 1987 11 1142.55722915
6726 1987 12 823.210566839
6726 1988 1 1210.66754339
6726 1988 2 1028.93974367
6726 1988 3 1392.17276433
6726 1988 4 1140.79026296
6726 1988 5 757.497719133
6726 1988 6 282.373970835
6726 1988 7 178.641640642
6726 1988 8 147.939278336
6726 1988 9 138.240945316
6726 1988 10 99.2618719648
6726 1988 11 168.194170165
6726 1988 12 918.227883565
6726 1989 1 708.848336128
6726 1989 2 1611.85950578
6726 1989 3 598.147879072
6726 1989 4 242.696193426
6726 1989 5 127.722822174
6726 1989 6 107.822415642
6726 1989 7 154.503038143
6726 1989 8 158.966674017
6726 1989 9 181.844674001
6726 1989 10 146.792088386
6726 1989 11 130.900633998
6726 1989 12 85.6131167012
6726 1990 1 404.276502213
6726 1990 2 665.197801478
6726 1990 3 349.486679679
6726 1990 4 251.764718702
6726 1990 5 187.804502203
6726 1990 6 144.733041274
6726 1990 7 207.523942635
6726 1990 8 168.759644507
6726 1990 9 162.05822482
6726 1990 10 133.930156393
6726 1990 11 154.306551115
6726 1990 12 83.2347598849
6726 1991 1 286.398712439
6726 1991 2 1057.66644075
6726 1991 3 10303.1070465
6726 1991 4 4912.1835589
6726 1991 5 979.286138704
6726 1991 6 295.30271906
6726 1991 7 166.886340385
6726 1991 8 131.883052336
6726 1991 9 114.94980346
6726 1991 10 178.643389588
6726 1991 11 95.5315220587
6726 1991 12 504.108678702
6726 1992 1 1707.9659703
6726 1992 2 27680.6223003
6726 1992 3 17543.7019298
6726 1992 4 5970.50502269
6726 1992 5 1458.98390689
6726 1992 6 423.203386722
6726 1992 7 224.467624508
6726 1992 8 160.206365835
6726 1992 9 127.582719802
6726 1992 10 299.306453689
6726 1992 11 135.869113241
6726 1992 12 1295.41641408
6726 1993 1 43459.5591281
6726 1993 2 39012.7768225
6726 1993 3 12348.5744455
6726 1993 4 3984.12174208
6726 1993 5 1015.08302801
6726 1993 6 518.39939743
6726 1993 7 221.581043157
6726 1993 8 133.676893532
6726 1993 9 114.120016389
6726 1993 10 131.361366188
6726 1993 11 164.21585419
6726 1993 12 197.638961454
6726 1994 1 110.891892423
6726 1994 2 651.705849675
6726 1994 3 718.887765569
6726 1994 4 411.903499943
6726 1994 5 231.744190957
6726 1994 6 155.830984242
6726 1994 7 160.694957325
6726 1994 8 161.964465858
6726 1994 9 138.615959242
6726 1994 10 241.798199356
6726 1994 11 185.056933104
6726 1994 12 224.291411874
6726 1995 1 22563.7426413
6726 1995 2 9147.86633605
6726 1995 3 25339.6127002
6726 1995 4 5379.78807368
6726 1995 5 1368.27177651
6726 1995 6 508.409531229
6726 1995 7 263.812181687
6726 1995 8 190.975578448
6726 1995 9 168.983171572
6726 1995 10 118.239330786
6726 1995 11 63.0590646046
6726 1995 12 175.00294317
6726 1996 1 219.58264169
6726 1996 2 4428.20263799
6726 1996 3 5763.09848036
6726 1996 4 1643.37839776
6726 1996 5 567.335289481
6726 1996 6 233.942999788
6726 1996 7 194.283099897
6726 1996 8 173.686027707
6726 1996 9 147.971397513
6726 1996 10 188.377282879
6726 1996 11 368.341427142
6726 1996 12 1783.86123856
6726 1997 1 3061.93100367
6726 1997 2 1920.40627163
6726 1997 3 618.056007969
6726 1997 4 220.97885616
6726 1997 5 150.947163688
6726 1997 6 135.165988054
6726 1997 7 162.680953219
6726 1997 8 153.057596884
6726 1997 9 173.552810348
6726 1997 10 115.815798591
6726 1997 11 343.11685589
6726 1997 12 899.748151947
6726 1998 1 798.377812257
6726 1998 2 36081.7101623
6726 1998 3 12324.1686328
6726 1998 4 5632.44159419
6726 1998 5 5775.93747973
6726 1998 6 1659.98896355
6726 1998 7 520.920521508
6726 1998 8 270.07046581
6726 1998 9 225.431373787
6726 1998 10 108.41347978
6726 1998 11 213.253542346
6726 1998 12 96.41882375
6726 1999 1 275.324357322
6726 1999 2 389.806904435
6726 1999 3 364.386436215
6726 1999 4 621.580517849
6726 1999 5 210.771177447
6726 1999 6 172.735917332
6726 1999 7 153.259397103
6726 1999 8 156.163357343
6726 1999 9 141.561494078
6726 1999 10 152.807881063
6726 1999 11 117.931883339
6726 1999 12 81.1330768965
6726 2000 1 126.25187071
6726 2000 2 3223.14524608
6726 2000 3 4368.02693947
6726 2000 4 1777.1097979
6726 2000 5 807.038153064
6726 2000 6 296.202839437
6726 2000 7 193.817267309
6726 2000 8 195.285804279
6726 2000 9 154.989171848
6726 2000 10 215.787690117
6726 2000 11 85.5654259173
6726 2000 12 53.9699671063
6726 2001 1 642.805001409
6726 2001 2 3826.33908068
6726 2001 3 4067.58938972
6726 2001 4 1602.28241107
6726 2001 5 643.188350343
6726 2001 6 251.300090779
6726 2001 7 179.94549236
6726 2001 8 150.035494609
6726 2001 9 127.534590529
6726 2001 10 119.275148675
6726 2001 11 233.205149395
6726 2001 12 151.694921493
6726 2002 1 207.490775848
6726 2002 2 104.583927523
6726 2002 3 135.135194824
6726 2002 4 80.5686827404
6726 2002 5 84.5943990223
6726 2002 6 105.057998419
6726 2002 7 136.761347166
6726 2002 8 150.424360429
6726 2002 9 172.770022125
6726 2002 10 104.71380445
6726 2002 11 460.376445327
6726 2002 12 533.70947971
6726 2003 1 224.520874067
6726 2003 2 2307.54364394
6726 2003 3 3262.73838557
6726 2003 4 1862.88381537
6726 2003 5 1333.52449223
6726 2003 6 372.133146856
6726 2003 7 212.514067547
6726 2003 8 175.072993412
6726 2003 9 141.329413066
6726 2003 10 165.412321463
6726 2003 11 109.557935803
6726 2003 12 200.599502843
6726 2004 1 144.771035015
6726 2004 2 1274.31847216
6726 2004 3 1679.23520955
6726 2004 4 417.195488507
6726 2004 5 198.959623114
6726 2004 6 127.956663963
6726 2004 7 137.059798658
6726 2004 8 158.307900844
6726 2004 9 149.813702721
6726 2004 10 2659.06871841
6726 2004 11 1942.34627311
6726 2004 12 4423.66353024
6726 2005 1 44946.4486342
6726 2005 2 34169.4860781
6726 2005 3 16007.4926237
6726 2005 4 3652.19090069
6726 2005 5 1517.41853761
6726 2005 6 487.863775719
6726 2005 7 249.413761648
6726 2005 8 194.445303483
6726 2005 9 153.808413381
6726 2005 10 313.361759623
6726 2005 11 99.2128800701
6726 2005 12 304.068508326
6726 2006 1 584.279364041
6726 2006 2 524.883080226
6726 2006 3 1934.43638135
6726 2006 4 4346.95438763
6726 2006 5 1301.67246352
6726 2006 6 439.156471357
6726 2006 7 255.060803317
6726 2006 8 160.956318029
6726 2006 9 151.310873363
6726 2006 10 121.679642126
6726 2006 11 86.9526790958
6726 2006 12 124.528225326
6726 2007 1 99.095351397
6726 2007 2 269.30956513
6726 2007 3 106.894953753
6726 2007 4 131.671291922
6726 2007 5 88.7000483405
6726 2007 6 96.7353101408
6726 2007 7 155.573692304
6726 2007 8 152.993529307
6726 2007 9 314.340738576
6726 2007 10 144.500043791
6726 2007 11 121.258595296
6726 2007 12 284.211796886
6726 2008 1 9526.24501141
6726 2008 2 9171.70178109
6726 2008 3 2078.18423238
6726 2008 4 535.480972275
6726 2008 5 268.094243913
6726 2008 6 187.186957424
6726 2008 7 173.104282632
6726 2008 8 142.9279278
6726 2008 9 114.326020954
6726 2008 10 81.361419204
6726 2008 11 353.55395018
6726 2008 12 491.045093695
6726 2009 1 245.488013623
6726 2009 2 2206.25879688
6726 2009 3 1044.05916955
6726 2009 4 327.849637087
6726 2009 5 161.262441552
6726 2009 6 86.6841424839
6726 2009 7 119.974558296
6726 2009 8 126.384665856
6726 2009 9 108.812837084
6726 2009 10 231.163985077
6726 2009 11 68.9276830802
6726 2009 12 633.263012737
6726 2010 1 3034.9819877
6726 2010 2 6319.64761206
6726 2010 3 3446.25952187
6726 2010 4 1636.65450258
6726 2010 5 621.133977858
6726 2010 6 226.263462594
6726 2010 7 149.43718997
6726 2010 8 133.753864551
6726 2010 9 118.88972036
6726 2010 10 228.013592836
6726 2010 11 208.044331726
6726 2010 12 5317.50552446
6726 2011 1 5039.83120778
6726 2011 2 2576.18882688
6726 2011 3 10643.8171922
6726 2011 4 4381.33919106
6726 2011 5 1028.55063886
6726 2011 6 305.780905975
6726 2011 7 171.057849089
6726 2011 8 155.190336095
6726 2011 9 120.823790621
6726 2011 10 226.522867877
6726 2011 11 254.758716574
6726 2011 12 152.359137321
6726 2012 1 214.981594025
6726 2012 2 85.3594376894
6726 2012 3 536.079821504
6726 2012 4 884.560413136
6726 2012 5 0
6726 2012 6 0
6726 2012 7 0
6726 2012 8 0
6726 2012 9 0
6726 2012 10 0
6726 2012 11 0
6726 2012 12 0
