5433 1986 1 598.395606555
5433 1986 2 954.073292761
5433 1986 3 1121.97519039
5433 1986 4 248.907637779
5433 1986 5 102.85532648
5433 1986 6 64.7983570252
5433 1986 7 67.9533624954
5433 1986 8 79.4335016648
5433 1986 9 424.983247894
5433 1986 10 100.312756011
5433 1986 11 195.244649904
5433 1986 12 84.2347119914
5433 1987 1 425.081866221
5433 1987 2 195.749401561
5433 1987 3 157.815988038
5433 1987 4 61.6650802345
5433 1987 5 43.4053961997
5433 1987 6 48.3638651316
5433 1987 7 37.8201703623
5433 1987 8 61.7047853488
5433 1987 9 78.5008551001
5433 1987 10 644.693821767
5433 1987 11 295.513500178
5433 1987 12 328.971096745
5433 1988 1 368.995633032
5433 1988 2 276.351655359
5433 1988 3 117.941722054
5433 1988 4 451.529289897
5433 1988 5 85.803584738
5433 1988 6 63.2791941318
5433 1988 7 64.1099553185
5433 1988 8 60.3193256769
5433 1988 9 79.1643939181
5433 1988 10 60.5891621183
5433 1988 11 198.535061427
5433 1988 12 670.068740246
5433 1989 1 182.81913661
5433 1989 2 475.711537312
5433 1989 3 189.872549376
5433 1989 4 73.5270883756
5433 1989 5 48.8011223345
5433 1989 6 44.3852463447
5433 1989 7 66.6447235372
5433 1989 8 73.4612624296
5433 1989 9 116.645259364
5433 1989 10 99.2256675849
5433 1989 11 117.113406478
5433 1989 12 59.0694364589
5433 1990 1 318.777386459
5433 1990 2 559.00898107
5433 1990 3 94.1566633211
5433 1990 4 113.697593749
5433 1990 5 167.057391485
5433 1990 6 59.4798745034
5433 1990 7 89.9983866403
5433 1990 8 82.8980721629
5433 1990 9 97.1780266612
5433 1990 10 82.6895544102
5433 1990 11 103.114261166
5433 1990 12 42.2123126396
5433 1991 1 398.411742508
5433 1991 2 804.948597237
5433 1991 3 1242.30516903
5433 1991 4 154.990869347
5433 1991 5 90.1914680294
5433 1991 6 55.926637708
5433 1991 7 56.7526674814
5433 1991 8 64.7237504321
5433 1991 9 79.1319663743
5433 1991 10 164.829251062
5433 1991 11 62.0365088096
5433 1991 12 342.706141023
5433 1992 1 423.422387454
5433 1992 2 1291.23560053
5433 1992 3 1186.31500658
5433 1992 4 177.317832909
5433 1992 5 98.2441607782
5433 1992 6 59.5966843572
5433 1992 7 105.205348734
5433 1992 8 84.0061323395
5433 1992 9 86.3221440071
5433 1992 10 332.423132742
5433 1992 11 78.785693612
5433 1992 12 774.085395759
5433 1993 1 3358.42176084
5433 1993 2 1952.10283747
5433 1993 3 446.895737978
5433 1993 4 156.170272193
5433 1993 5 94.0968199526
5433 1993 6 215.297553037
5433 1993 7 65.9370680939
5433 1993 8 63.4745322046
5433 1993 9 75.6661738971
5433 1993 10 73.715423881
5433 1993 11 139.836245424
5433 1993 12 171.670837299
5433 1994 1 107.401578469
5433 1994 2 435.627312084
5433 1994 3 341.874484493
5433 1994 4 193.725300998
5433 1994 5 62.4068356962
5433 1994 6 69.4355405816
5433 1994 7 77.2868098488
5433 1994 8 91.7564804788
5433 1994 9 94.0932958813
5433 1994 10 190.643489557
5433 1994 11 225.211635106
5433 1994 12 257.953003923
5433 1995 1 2654.5407291
5433 1995 2 522.765935255
5433 1995 3 1836.30635984
5433 1995 4 247.759235448
5433 1995 5 99.4951213692
5433 1995 6 182.637502667
5433 1995 7 78.6908645043
5433 1995 8 83.6777773876
5433 1995 9 80.1661840738
5433 1995 10 74.289659581
5433 1995 11 46.1779806867
5433 1995 12 119.510889916
5433 1996 1 297.895227242
5433 1996 2 1505.40848563
5433 1996 3 622.681134151
5433 1996 4 161.443108707
5433 1996 5 85.7609735637
5433 1996 6 62.4329223124
5433 1996 7 72.5731821288
5433 1996 8 87.4716874412
5433 1996 9 91.1841623944
5433 1996 10 203.789937581
5433 1996 11 479.52156065
5433 1996 12 732.476277175
5433 1997 1 1222.8339052
5433 1997 2 149.782351123
5433 1997 3 102.834444305
5433 1997 4 59.2259678904
5433 1997 5 53.3237782256
5433 1997 6 57.7640364813
5433 1997 7 58.585811429
5433 1997 8 73.4380445253
5433 1997 9 165.980256086
5433 1997 10 77.1391516506
5433 1997 11 338.634830804
5433 1997 12 410.458530688
5433 1998 1 545.986277553
5433 1998 2 3077.68722479
5433 1998 3 824.187252548
5433 1998 4 243.648717008
5433 1998 5 1029.4575319
5433 1998 6 131.335522681
5433 1998 7 96.6314606082
5433 1998 8 101.687944648
5433 1998 9 69.8555717176
5433 1998 10 49.4739708543
5433 1998 11 155.453613921
5433 1998 12 62.9399292747
5433 1999 1 201.707982988
5433 1999 2 140.178700852
5433 1999 3 100.119233569
5433 1999 4 213.089798677
5433 1999 5 69.1094411645
5433 1999 6 90.119869297
5433 1999 7 71.2531867138
5433 1999 8 77.719182193
5433 1999 9 72.787727917
5433 1999 10 92.6063075249
5433 1999 11 58.422139161
5433 1999 12 56.2824299676
5433 2000 1 108.821866147
5433 2000 2 930.339642383
5433 2000 3 498.999174932
5433 2000 4 367.225856132
5433 2000 5 117.741977436
5433 2000 6 72.6139949326
5433 2000 7 69.7312211867
5433 2000 8 87.8130321419
5433 2000 9 100.709338698
5433 2000 10 183.003749245
5433 2000 11 48.8154154938
5433 2000 12 34.953293505
5433 2001 1 537.180951279
5433 2001 2 1045.09680038
5433 2001 3 290.080159659
5433 2001 4 284.045660455
5433 2001 5 97.3931354095
5433 2001 6 66.2510265169
5433 2001 7 75.3404848713
5433 2001 8 73.4382473218
5433 2001 9 71.2423296489
5433 2001 10 78.9552896835
5433 2001 11 282.659458976
5433 2001 12 193.5389754
5433 2002 1 185.498985371
5433 2002 2 67.6988108366
5433 2002 3 129.603207804
5433 2002 4 33.6326981054
5433 2002 5 40.9924416004
5433 2002 6 42.6841611337
5433 2002 7 56.9885806457
5433 2002 8 65.87209763
5433 2002 9 80.4516012525
5433 2002 10 52.6225092644
5433 2002 11 442.901494483
5433 2002 12 301.26208703
5433 2003 1 57.1648726361
5433 2003 2 629.340316631
5433 2003 3 698.073272788
5433 2003 4 254.643304657
5433 2003 5 213.655768007
5433 2003 6 86.628922058
5433 2003 7 66.214904975
5433 2003 8 81.1893853255
5433 2003 9 80.1785237294
5433 2003 10 88.8404004705
5433 2003 11 63.5469816205
5433 2003 12 233.681422934
5433 2004 1 77.7550543771
5433 2004 2 935.239502154
5433 2004 3 206.77745637
5433 2004 4 102.253935762
5433 2004 5 72.4304562117
5433 2004 6 51.8831347252
5433 2004 7 61.3368300223
5433 2004 8 70.83302026
5433 2004 9 78.9735078587
5433 2004 10 1219.74275523
5433 2004 11 304.334784914
5433 2004 12 703.146332395
5433 2005 1 2912.46327583
5433 2005 2 2505.72222106
5433 2005 3 508.07052697
5433 2005 4 251.720444665
5433 2005 5 229.238347128
5433 2005 6 80.9457437509
5433 2005 7 72.692442658
5433 2005 8 80.9839035476
5433 2005 9 109.231024708
5433 2005 10 306.099356166
5433 2005 11 61.5320079136
5433 2005 12 203.34739277
5433 2006 1 133.313049671
5433 2006 2 409.196713491
5433 2006 3 621.335012332
5433 2006 4 1030.3255574
5433 2006 5 158.175730621
5433 2006 6 97.2070959603
5433 2006 7 96.8325251452
5433 2006 8 77.0984960584
5433 2006 9 92.7604116017
5433 2006 10 66.405588686
5433 2006 11 62.9886286424
5433 2006 12 94.1832465785
5433 2007 1 77.1105401984
5433 2007 2 298.802970046
5433 2007 3 93.6472909095
5433 2007 4 157.146953031
5433 2007 5 90.2436966163
5433 2007 6 105.478560045
5433 2007 7 148.277285806
5433 2007 8 152.328145691
5433 2007 9 208.841655746
5433 2007 10 128.380384306
5433 2007 11 162.619013267
5433 2007 12 342.68568975
5433 2008 1 1935.95792734
5433 2008 2 357.493956038
5433 2008 3 153.091439616
5433 2008 4 86.1576601668
5433 2008 5 258.758495675
5433 2008 6 136.767168162
5433 2008 7 170.595401886
5433 2008 8 145.245689232
5433 2008 9 123.472986949
5433 2008 10 123.511948942
5433 2008 11 226.524715967
5433 2008 12 381.477147269
5433 2009 1 158.034268858
5433 2009 2 1045.77706753
5433 2009 3 138.963279329
5433 2009 4 102.349219093
5433 2009 5 92.893217068
5433 2009 6 67.3427329265
5433 2009 7 148.877421187
5433 2009 8 155.151042353
5433 2009 9 153.695628602
5433 2009 10 261.604689486
5433 2009 11 74.2225115215
5433 2009 12 476.604247329
5433 2010 1 582.714513058
5433 2010 2 828.331471539
5433 2010 3 261.654026042
5433 2010 4 234.572704768
5433 2010 5 92.5841339638
5433 2010 6 89.2243923877
5433 2010 7 114.851755201
5433 2010 8 143.547693694
5433 2010 9 135.022718252
5433 2010 10 225.514802507
5433 2010 11 203.293866508
5433 2010 12 2610.39404337
5433 2011 1 323.495025664
5433 2011 2 562.827139461
5433 2011 3 566.929576926
5433 2011 4 135.330217136
5433 2011 5 129.630923435
5433 2011 6 85.8119400144
5433 2011 7 136.036799579
5433 2011 8 134.548309523
5433 2011 9 118.698419846
5433 2011 10 245.22853133
5433 2011 11 172.414842401
5433 2011 12 98.6828695863
5433 2012 1 180.539729106
5433 2012 2 166.677419591
5433 2012 3 371.151814854
5433 2012 4 348.746026876
5433 2012 5 0
5433 2012 6 0
5433 2012 7 0
5433 2012 8 0
5433 2012 9 0
5433 2012 10 0
5433 2012 11 0
5433 2012 12 0
