5487 1986 1 1232.67951079
5487 1986 2 1348.61789054
5487 1986 3 1652.39299679
5487 1986 4 1376.98702683
5487 1986 5 1402.95369524
5487 1986 6 1350.53561082
5487 1986 7 1395.00188156
5487 1986 8 961.820298049
5487 1986 9 7.06846398028
5487 1986 10 7.52953954464
5487 1986 11 4.35896901352
5487 1986 12 2.47513116814
5487 1987 1 13.4334418944
5487 1987 2 6.01707579847
5487 1987 3 14.4028508429
5487 1987 4 9.22898669414
5487 1987 5 2.52281248717
5487 1987 6 0.720790316545
5487 1987 7 0.290109310027
5487 1987 8 0.181707008052
5487 1987 9 0.169634666913
5487 1987 10 10.2499979049
5487 1987 11 1123.02690093
5487 1987 12 1388.73361232
5487 1988 1 1125.33725737
5487 1988 2 1307.06927867
5487 1988 3 1398.99597232
5487 1988 4 1353.49011061
5487 1988 5 1396.73608643
5487 1988 6 1350.01049866
5487 1988 7 1395.00188136
5487 1988 8 471.896421624
5487 1988 9 0.844754864608
5487 1988 10 0.234222449001
5487 1988 11 3.26811305794
5487 1988 12 474.627666188
5487 1989 1 1395.00188104
5487 1989 2 1278.42042661
5487 1989 3 1401.92319752
5487 1989 4 1351.09377448
5487 1989 5 1395.00188173
5487 1989 6 1350.00182049
5487 1989 7 163.48888009
5487 1989 8 0.486631783113
5487 1989 9 0.709624849484
5487 1989 10 0.658467908299
5487 1989 11 0.83369121395
5487 1989 12 0.23706414428
5487 1990 1 8.84895458833
5487 1990 2 530.657998748
5487 1990 3 1395.0018808
5487 1990 4 1229.47333957
5487 1990 5 12.2263181525
5487 1990 6 8.66461615704
5487 1990 7 2.5682659832
5487 1990 8 0.796560250369
5487 1990 9 0.399662312001
5487 1990 10 0.233043186995
5487 1990 11 1.09871858639
5487 1990 12 0.1867188735
5487 1991 1 9.02627995967
5487 1991 2 63.0715680827
5487 1991 3 1497.02577448
5487 1991 4 1384.48192781
5487 1991 5 1403.94097752
5487 1991 6 1350.80831534
5487 1991 7 1395.00188159
5487 1991 8 1063.25190548
5487 1991 9 0.547472476707
5487 1991 10 1.96942133176
5487 1991 11 0.782091315206
5487 1991 12 3.81350118943
5487 1992 1 43.1869080609
5487 1992 2 943.325127829
5487 1992 3 1908.59275089
5487 1992 4 1382.63754475
5487 1992 5 1405.06794064
5487 1992 6 1350.89023809
5487 1992 7 1395.00188165
5487 1992 8 1233.71064953
5487 1992 9 0.69925673085
5487 1992 10 5.85537391986
5487 1992 11 8.14269221486
5487 1992 12 244.621141288
5487 1993 1 2406.10327478
5487 1993 2 2041.73833232
5487 1993 3 1500.09952255
5487 1993 4 1376.89301191
5487 1993 5 1400.98737289
5487 1993 6 1352.00125236
5487 1993 7 1395.01847701
5487 1993 8 1395.00188131
5487 1993 9 338.417405347
5487 1993 10 0.524254420378
5487 1993 11 1.24163699943
5487 1993 12 1.99314691472
5487 1994 1 1.73763021365
5487 1994 2 36.4594197707
5487 1994 3 329.333685168
5487 1994 4 1350.00181995
5487 1994 5 1255.64650634
5487 1994 6 8.4186420448
5487 1994 7 2.46147820088
5487 1994 8 0.820576671236
5487 1994 9 0.35512838063
5487 1994 10 2.1077224895
5487 1994 11 1.29834050967
5487 1994 12 1.22507550517
5487 1995 1 1551.40286402
5487 1995 2 1479.04676311
5487 1995 3 2119.55281625
5487 1995 4 1386.43967752
5487 1995 5 1406.38439221
5487 1995 6 1352.28821828
5487 1995 7 1395.08664961
5487 1995 8 1395.00188144
5487 1995 9 599.750486257
5487 1995 10 0.565786488124
5487 1995 11 0.176757818311
5487 1995 12 1.04858799697
5487 1996 1 14.2057043471
5487 1996 2 740.833913344
5487 1996 3 1604.50132662
5487 1996 4 1370.27180678
5487 1996 5 1400.32955518
5487 1996 6 1350.26540098
5487 1996 7 1395.00188146
5487 1996 8 666.199810049
5487 1996 9 0.380394662122
5487 1996 10 1.29431179804
5487 1996 11 10.7774321431
5487 1996 12 996.533761001
5487 1997 1 1441.45938
5487 1997 2 1289.97407235
5487 1997 3 1402.09400744
5487 1997 4 1350.36824314
5487 1997 5 1395.00188154
5487 1997 6 880.227034271
5487 1997 7 0.744569243568
5487 1997 8 0.306094818274
5487 1997 9 0.91941505766
5487 1997 10 0.260413250221
5487 1997 11 5.79080939277
5487 1997 12 36.9769683323
5487 1998 1 1012.78435353
5487 1998 2 2206.03246299
5487 1998 3 1590.4581717
5487 1998 4 1402.19826185
5487 1998 5 1687.71610002
5487 1998 6 1365.09725541
5487 1998 7 1397.71663565
5487 1998 8 1395.01322781
5487 1998 9 1350.00182052
5487 1998 10 225.381857455
5487 1998 11 1.86489843615
5487 1998 12 1.07800912096
5487 1999 1 3.29596648693
5487 1999 2 13.5797069978
5487 1999 3 8.20903185527
5487 1999 4 23.1693383796
5487 1999 5 13.3339215254
5487 1999 6 6.91200348313
5487 1999 7 2.37480512764
5487 1999 8 0.708591857849
5487 1999 9 0.282347318958
5487 1999 10 0.203832237499
5487 1999 11 0.191723726784
5487 1999 12 0.296886423639
5487 2000 1 1.08298330799
5487 2000 2 442.742685278
5487 2000 3 1405.70314349
5487 2000 4 1354.05718806
5487 2000 5 1395.7831413
5487 2000 6 1350.00182103
5487 2000 7 1395.00188115
5487 2000 8 98.9781354011
5487 2000 9 0.788734026707
5487 2000 10 1.57782440834
5487 2000 11 1.00058740178
5487 2000 12 0.24783130509
5487 2001 1 17.3200885575
5487 2001 2 774.869197781
5487 2001 3 1414.97316456
5487 2001 4 1359.12795923
5487 2001 5 1396.47532999
5487 2001 6 1350.00837748
5487 2001 7 1395.0018811
5487 2001 8 42.7170541668
5487 2001 9 0.310480976617
5487 2001 10 0.152608698933
5487 2001 11 2.42831460126
5487 2001 12 3.84358545806
5487 2002 1 5.20676332987
5487 2002 2 6.2756357928
5487 2002 3 6.08064777566
5487 2002 4 2.43613122464
5487 2002 5 1.17173660332
5487 2002 6 0.42085929635
5487 2002 7 0.215452045606
5487 2002 8 0.160247005869
5487 2002 9 0.1840644279
5487 2002 10 0.0972568320099
5487 2002 11 451.131909974
5487 2002 12 38.5090195636
5487 2003 1 22.3970168866
5487 2003 2 745.56312789
5487 2003 3 1593.27403747
5487 2003 4 1369.21491457
5487 2003 5 1408.73871927
5487 2003 6 1351.65968814
5487 2003 7 1395.00541627
5487 2003 8 1395.00188116
5487 2003 9 133.962263257
5487 2003 10 0.637900792259
5487 2003 11 0.330464233615
5487 2003 12 7.30245504739
5487 2004 1 8.22340727047
5487 2004 2 232.130277032
5487 2004 3 1396.7938857
5487 2004 4 1350.30564546
5487 2004 5 1395.00188162
5487 2004 6 1150.57900721
5487 2004 7 0.933202945995
5487 2004 8 0.346936124453
5487 2004 9 0.253787232431
5487 2004 10 597.931842118
5487 2004 11 1350.0018207
5487 2004 12 1398.12253062
5487 2005 1 3074.37434217
5487 2005 2 2577.92452839
5487 2005 3 1539.89547783
5487 2005 4 1372.78528652
5487 2005 5 1410.73094753
5487 2005 6 1352.46697811
5487 2005 7 1395.02504885
5487 2005 8 1395.0018812
5487 2005 9 197.856514718
5487 2005 10 2.46808401207
5487 2005 11 0.716902296915
5487 2005 12 1.33346115546
5487 2006 1 8.43898991877
5487 2006 2 10.1492370359
5487 2006 3 1042.63826902
5487 2006 4 1582.1258767
5487 2006 5 1417.28307897
5487 2006 6 1355.21420491
5487 2006 7 1395.24177748
5487 2006 8 1395.00188142
5487 2006 9 604.631191858
5487 2006 10 0.360341641055
5487 2006 11 0.330537149175
5487 2006 12 0.841069021651
5487 2007 1 0.754668392052
5487 2007 2 3.88686513424
5487 2007 3 4.4496571137
5487 2007 4 3.12263260821
5487 2007 5 1.4930079434
5487 2007 6 0.526829319824
5487 2007 7 0.436863243997
5487 2007 8 0.425789168193
5487 2007 9 0.963098474033
5487 2007 10 0.579284772914
5487 2007 11 1.12002212895
5487 2007 12 13.0659219249
5487 2008 1 1283.50323588
5487 2008 2 1363.41758265
5487 2008 3 1410.34506344
5487 2008 4 1353.23437914
5487 2008 5 1395.09100471
5487 2008 6 1350.00182083
5487 2008 7 878.019049677
5487 2008 8 0.980492974148
5487 2008 9 0.44428406726
5487 2008 10 0.310525158624
5487 2008 11 2.08650444365
5487 2008 12 13.8407172981
5487 2009 1 15.0550242849
5487 2009 2 964.736720969
5487 2009 3 1397.78552865
5487 2009 4 1350.16831982
5487 2009 5 1395.00188148
5487 2009 6 869.58348596
5487 2009 7 0.724422660442
5487 2009 8 0.483499676163
5487 2009 9 0.397869562846
5487 2009 10 3.37357575345
5487 2009 11 1.38670211937
5487 2009 12 31.6942907405
5487 2010 1 525.882623492
5487 2010 2 1296.9718591
5487 2010 3 1432.20362725
5487 2010 4 1360.61222001
5487 2010 5 1397.37846265
5487 2010 6 1350.03508618
5487 2010 7 1395.00188125
5487 2010 8 298.168218697
5487 2010 9 0.448777685306
5487 2010 10 1.15547690388
5487 2010 11 2.30314112238
5487 2010 12 824.909756011
5487 2011 1 1470.50188599
5487 2011 2 1286.52928106
5487 2011 3 1467.18523683
5487 2011 4 1376.84182688
5487 2011 5 1401.68381568
5487 2011 6 1350.51118807
5487 2011 7 1395.00188154
5487 2011 8 924.993979026
5487 2011 9 0.55592485633
5487 2011 10 2.30144239148
5487 2011 11 2.41477013282
5487 2011 12 1.62188439989
5487 2012 1 2.17774225587
5487 2012 2 4.44025256769
5487 2012 3 17.7614417763
5487 2012 4 36.4292272502
5487 2012 5 0
5487 2012 6 0
5487 2012 7 0
5487 2012 8 0
5487 2012 9 0
5487 2012 10 0
5487 2012 11 0
5487 2012 12 0
