5408 1986 1 408.854850715
5408 1986 2 503.711512127
5408 1986 3 577.991576771
5408 1986 4 456.171473398
5408 1986 5 465.05958089
5408 1986 6 195.797999534
5408 1986 7 8.6533138043
5408 1986 8 7.12364254378
5408 1986 9 115.386837432
5408 1986 10 154.803792265
5408 1986 11 12.8241340257
5408 1986 12 6.16146131111
5408 1987 1 305.810580305
5408 1987 2 11.9795451845
5408 1987 3 13.9708369893
5408 1987 4 9.15701623654
5408 1987 5 5.58580607502
5408 1987 6 4.51306634202
5408 1987 7 3.20030797451
5408 1987 8 4.33716264562
5408 1987 9 5.22018190409
5408 1987 10 171.01930027
5408 1987 11 309.595474234
5408 1987 12 390.226327234
5408 1988 1 396.88986832
5408 1988 2 380.20813614
5408 1988 3 412.65728034
5408 1988 4 292.028212449
5408 1988 5 274.038171043
5408 1988 6 9.69417040663
5408 1988 7 6.47752439126
5408 1988 8 5.16149979304
5408 1988 9 4.70350932782
5408 1988 10 3.67758397301
5408 1988 11 12.1682178767
5408 1988 12 273.852575788
5408 1989 1 311.677710906
5408 1989 2 405.05112239
5408 1989 3 384.140001071
5408 1989 4 235.72805139
5408 1989 5 8.09904734138
5408 1989 6 5.95545269678
5408 1989 7 6.50112317994
5408 1989 8 6.22734790369
5408 1989 9 12.3430563602
5408 1989 10 6.75159572964
5408 1989 11 8.17773518627
5408 1989 12 3.6897621964
5408 1990 1 232.470516052
5408 1990 2 310.74413787
5408 1990 3 305.233719937
5408 1990 4 19.2387668831
5408 1990 5 74.0684860864
5408 1990 6 103.128819123
5408 1990 7 9.35700781253
5408 1990 8 6.33816504816
5408 1990 9 6.13943801261
5408 1990 10 4.17631350647
5408 1990 11 6.02484802231
5408 1990 12 1.69145577363
5408 1991 1 219.905341235
5408 1991 2 106.118201983
5408 1991 3 570.851359345
5408 1991 4 452.506020136
5408 1991 5 465.01588367
5408 1991 6 43.6488550059
5408 1991 7 6.88171382403
5408 1991 8 5.64535440437
5408 1991 9 5.32537654943
5408 1991 10 9.30269382647
5408 1991 11 3.18267247843
5408 1991 12 63.6584780921
5408 1992 1 367.229798628
5408 1992 2 499.195591279
5408 1992 3 640.650352081
5408 1992 4 453.663119257
5408 1992 5 465.139457873
5408 1992 6 156.941456229
5408 1992 7 8.70624727026
5408 1992 8 6.87449957892
5408 1992 9 5.50795097728
5408 1992 10 41.6992464418
5408 1992 11 56.7140846772
5408 1992 12 440.838666242
5408 1993 1 1056.41105874
5408 1993 2 823.644916303
5408 1993 3 521.064129956
5408 1993 4 453.069251754
5408 1993 5 465.082337409
5408 1993 6 453.746228685
5408 1993 7 153.491351509
5408 1993 8 6.49259383437
5408 1993 9 5.22948910078
5408 1993 10 3.4266549102
5408 1993 11 6.72548526096
5408 1993 12 10.653608689
5408 1994 1 8.13492151517
5408 1994 2 358.774409856
5408 1994 3 361.429695457
5408 1994 4 331.995342217
5408 1994 5 286.80070507
5408 1994 6 11.5569975165
5408 1994 7 8.47591206041
5408 1994 8 7.08068395531
5408 1994 9 6.42317787543
5408 1994 10 9.15118358026
5408 1994 11 10.1534958761
5408 1994 12 8.02559152028
5408 1995 1 599.355986949
5408 1995 2 452.809008268
5408 1995 3 741.807075902
5408 1995 4 454.357624547
5408 1995 5 465.052941285
5408 1995 6 323.492558146
5408 1995 7 183.267322157
5408 1995 8 8.80084083521
5408 1995 9 6.21260131505
5408 1995 10 3.95786569787
5408 1995 11 1.72128356637
5408 1995 12 7.07266020184
5408 1996 1 50.1042887428
5408 1996 2 496.064595874
5408 1996 3 503.378173869
5408 1996 4 450.207311142
5408 1996 5 372.855945509
5408 1996 6 8.68775367879
5408 1996 7 6.52356163115
5408 1996 8 6.31884798773
5408 1996 9 5.95482091868
5408 1996 10 10.89141939
5408 1996 11 179.478981497
5408 1996 12 480.729857945
5408 1997 1 539.181950787
5408 1997 2 422.491388282
5408 1997 3 457.08077213
5408 1997 4 22.0322710464
5408 1997 5 9.10776518483
5408 1997 6 5.25319950679
5408 1997 7 5.35241143467
5408 1997 8 5.51131144337
5408 1997 9 10.6872581965
5408 1997 10 4.24647308736
5408 1997 11 42.8890543095
5408 1997 12 321.806733625
5408 1998 1 386.501465623
5408 1998 2 803.210360549
5408 1998 3 512.72868478
5408 1998 4 459.521433527
5408 1998 5 522.27638682
5408 1998 6 450.20361925
5408 1998 7 464.732158398
5408 1998 8 41.6712230043
5408 1998 9 7.10360925836
5408 1998 10 3.70291882958
5408 1998 11 9.41250408474
5408 1998 12 6.29228016697
5408 1999 1 93.1469067693
5408 1999 2 250.466045452
5408 1999 3 7.12835697392
5408 1999 4 271.79823806
5408 1999 5 8.42399968757
5408 1999 6 8.52281089444
5408 1999 7 7.43116763003
5408 1999 8 6.80234148696
5408 1999 9 5.53600071207
5408 1999 10 4.56076617562
5408 1999 11 2.45165171253
5408 1999 12 2.81513573501
5408 2000 1 7.84253006327
5408 2000 2 296.116713641
5408 2000 3 477.429399933
5408 2000 4 456.161368587
5408 2000 5 465.003149012
5408 2000 6 91.7268523329
5408 2000 7 8.24105641444
5408 2000 8 7.93626521883
5408 2000 9 7.62851575764
5408 2000 10 13.7108721965
5408 2000 11 3.64191181064
5408 2000 12 2.0218314907
5408 2001 1 347.329267407
5408 2001 2 354.996252141
5408 2001 3 473.860287126
5408 2001 4 455.588562009
5408 2001 5 465.007663426
5408 2001 6 35.0626430465
5408 2001 7 8.83122422453
5408 2001 8 6.78709078584
5408 2001 9 5.31422655042
5408 2001 10 4.04030009653
5408 2001 11 108.994727212
5408 2001 12 15.8022890345
5408 2002 1 56.9275785667
5408 2002 2 14.2977874641
5408 2002 3 10.6102863302
5408 2002 4 4.35885778646
5408 2002 5 5.68487774177
5408 2002 6 4.74670668712
5408 2002 7 5.08574487204
5408 2002 8 5.17026896369
5408 2002 9 5.09705481734
5408 2002 10 3.01797487134
5408 2002 11 334.751080545
5408 2002 12 443.979483886
5408 2003 1 87.3118784571
5408 2003 2 292.943337393
5408 2003 3 598.123095117
5408 2003 4 460.511898498
5408 2003 5 471.636217718
5408 2003 6 388.428055849
5408 2003 7 11.7529194727
5408 2003 8 9.1068618115
5408 2003 9 7.13139541299
5408 2003 10 4.76333570552
5408 2003 11 5.26908682342
5408 2003 12 112.483374275
5408 2004 1 125.189960724
5408 2004 2 169.917850552
5408 2004 3 473.558338791
5408 2004 4 363.394406284
5408 2004 5 34.8811608205
5408 2004 6 6.45554692056
5408 2004 7 5.96988311313
5408 2004 8 6.30158499376
5408 2004 9 5.26828009931
5408 2004 10 286.223317219
5408 2004 11 453.168979866
5408 2004 12 339.523467079
5408 2005 1 900.692937366
5408 2005 2 970.467646665
5408 2005 3 491.510370929
5408 2005 4 455.722136151
5408 2005 5 470.879166696
5408 2005 6 450.027090439
5408 2005 7 225.577381926
5408 2005 8 8.64791405518
5408 2005 9 7.68232547901
5408 2005 10 75.0173343572
5408 2005 11 3.61518357652
5408 2005 12 14.1077691053
5408 2006 1 129.787265059
5408 2006 2 44.9981413606
5408 2006 3 483.644350684
5408 2006 4 490.440724384
5408 2006 5 466.398589487
5408 2006 6 406.888727079
5408 2006 7 20.6552404201
5408 2006 8 7.12081671141
5408 2006 9 7.13964192141
5408 2006 10 3.82075624334
5408 2006 11 3.38518238184
5408 2006 12 5.95983992697
5408 2007 1 5.45200432016
5408 2007 2 16.2417594223
5408 2007 3 5.82846816399
5408 2007 4 10.3479025694
5408 2007 5 7.57997786121
5408 2007 6 9.29237493888
5408 2007 7 14.0840284106
5408 2007 8 14.533561489
5408 2007 9 16.2462650248
5408 2007 10 9.46934437689
5408 2007 11 16.4603137802
5408 2007 12 374.873462526
5408 2008 1 503.697072538
5408 2008 2 446.131620325
5408 2008 3 465.392423795
5408 2008 4 228.700198804
5408 2008 5 64.3118392689
5408 2008 6 11.2279767529
5408 2008 7 14.0587357685
5408 2008 8 13.7378306092
5408 2008 9 10.5672820379
5408 2008 10 8.55308677628
5408 2008 11 15.7920817118
5408 2008 12 263.344974458
5408 2009 1 94.5445654691
5408 2009 2 387.795854014
5408 2009 3 353.35763855
5408 2009 4 31.8345711672
5408 2009 5 10.7997284761
5408 2009 6 6.38224748857
5408 2009 7 12.8801110134
5408 2009 8 14.8134372168
5408 2009 9 15.1193683677
5408 2009 10 16.7468357108
5408 2009 11 6.12193173305
5408 2009 12 284.684819056
5408 2010 1 271.386250331
5408 2010 2 472.191300392
5408 2010 3 474.49889496
5408 2010 4 454.124607826
5408 2010 5 322.268394902
5408 2010 6 12.45450503
5408 2010 7 11.5686795609
5408 2010 8 14.5245323257
5408 2010 9 11.5603477242
5408 2010 10 10.6906876293
5408 2010 11 30.2944069901
5408 2010 12 415.755663618
5408 2011 1 471.371081508
5408 2011 2 448.638642296
5408 2011 3 504.834726648
5408 2011 4 451.01983103
5408 2011 5 465.424539044
5408 2011 6 54.3386330768
5408 2011 7 14.0284723663
5408 2011 8 16.2768904155
5408 2011 9 12.832456387
5408 2011 10 164.689769013
5408 2011 11 15.7271536683
5408 2011 12 7.4962008392
5408 2012 1 14.655002706
5408 2012 2 15.316531122
5408 2012 3 224.481192207
5408 2012 4 422.635911116
5408 2012 5 0
5408 2012 6 0
5408 2012 7 0
5408 2012 8 0
5408 2012 9 0
5408 2012 10 0
5408 2012 11 0
5408 2012 12 0
