6714 1986 1 1563.67845119
6714 1986 2 3445.63847685
6714 1986 3 3100.62244839
6714 1986 4 1156.93864545
6714 1986 5 859.477845857
6714 1986 6 758.484122857
6714 1986 7 775.001608007
6714 1986 8 775.001607804
6714 1986 9 750.001555752
6714 1986 10 775.001607565
6714 1986 11 671.445445814
6714 1986 12 538.835624663
6714 1987 1 650.721412916
6714 1987 2 20.7333687036
6714 1987 3 26.1854064916
6714 1987 4 8.52303120163
6714 1987 5 7.80011632264
6714 1987 6 7.80060841977
6714 1987 7 9.62622962445
6714 1987 8 13.2352485414
6714 1987 9 10.5719848271
6714 1987 10 294.234728982
6714 1987 11 784.790307404
6714 1987 12 798.539027763
6714 1988 1 797.40144753
6714 1988 2 758.153576392
6714 1988 3 790.233466461
6714 1988 4 779.809865629
6714 1988 5 781.067920163
6714 1988 6 750.001556225
6714 1988 7 775.001607922
6714 1988 8 775.001607676
6714 1988 9 673.485185118
6714 1988 10 7.81955756125
6714 1988 11 19.5367625589
6714 1988 12 455.054514045
6714 1989 1 787.622335928
6714 1989 2 750.572274054
6714 1989 3 799.304963395
6714 1989 4 750.184197888
6714 1989 5 775.001607969
6714 1989 6 750.001555814
6714 1989 7 677.503190051
6714 1989 8 12.422721979
6714 1989 9 19.1090677514
6714 1989 10 15.522407477
6714 1989 11 12.3353008927
6714 1989 12 7.30416454209
6714 1990 1 485.922740869
6714 1990 2 719.544014437
6714 1990 3 779.077854064
6714 1990 4 753.232827054
6714 1990 5 775.00160798
6714 1990 6 750.001556007
6714 1990 7 775.001607683
6714 1990 8 775.001607506
6714 1990 9 175.732747239
6714 1990 10 10.9812378343
6714 1990 11 13.673393911
6714 1990 12 6.2304355574
6714 1991 1 714.549796751
6714 1991 2 133.969468184
6714 1991 3 1893.47343632
6714 1991 4 1289.31031166
6714 1991 5 849.922041564
6714 1991 6 755.799918787
6714 1991 7 775.001607931
6714 1991 8 775.001607663
6714 1991 9 535.243460736
6714 1991 10 19.7427938104
6714 1991 11 8.15455536314
6714 1991 12 121.946115484
6714 1992 1 815.344343873
6714 1992 2 4560.78538742
6714 1992 3 3351.10723357
6714 1992 4 1852.56527598
6714 1992 5 927.430092444
6714 1992 6 769.577822368
6714 1992 7 778.528886913
6714 1992 8 775.001607934
6714 1992 9 750.001555833
6714 1992 10 757.169842507
6714 1992 11 750.001555717
6714 1992 12 800.82916309
6714 1993 1 9303.20286397
6714 1993 2 6559.56845465
6714 1993 3 3185.66981383
6714 1993 4 1313.81550618
6714 1993 5 859.739780797
6714 1993 6 768.256493215
6714 1993 7 775.001608072
6714 1993 8 775.001607835
6714 1993 9 750.001555697
6714 1993 10 387.267913719
6714 1993 11 16.6732321662
6714 1993 12 25.14070527
6714 1994 1 12.1129314102
6714 1994 2 553.38001043
6714 1994 3 801.545543767
6714 1994 4 753.043139273
6714 1994 5 778.577312155
6714 1994 6 750.001556111
6714 1994 7 775.001607756
6714 1994 8 775.001607524
6714 1994 9 283.390321557
6714 1994 10 24.1511149439
6714 1994 11 19.5883112652
6714 1994 12 214.983531382
6714 1995 1 4883.8533048
6714 1995 2 2618.73672781
6714 1995 3 4512.17616414
6714 1995 4 1388.6629179
6714 1995 5 954.318820882
6714 1995 6 779.522575132
6714 1995 7 775.032131283
6714 1995 8 775.001607976
6714 1995 9 750.001555915
6714 1995 10 775.001607538
6714 1995 11 137.278149345
6714 1995 12 142.680549847
6714 1996 1 34.0549393206
6714 1996 2 1589.76041465
6714 1996 3 1819.71185584
6714 1996 4 1008.01376837
6714 1996 5 831.395402935
6714 1996 6 752.854875814
6714 1996 7 775.001607954
6714 1996 8 775.001607747
6714 1996 9 750.001555678
6714 1996 10 214.295602676
6714 1996 11 264.77533086
6714 1996 12 899.591571802
6714 1997 1 1793.34796503
6714 1997 2 1175.75301475
6714 1997 3 871.569155471
6714 1997 4 760.883387591
6714 1997 5 775.001607981
6714 1997 6 750.001555868
6714 1997 7 775.001607505
6714 1997 8 243.126090782
6714 1997 9 13.737645161
6714 1997 10 9.35269902247
6714 1997 11 443.305841095
6714 1997 12 810.983363236
6714 1998 1 807.26308034
6714 1998 2 6729.1267962
6714 1998 3 3045.86955375
6714 1998 4 1500.29449759
6714 1998 5 1962.06100634
6714 1998 6 934.285879335
6714 1998 7 800.178473815
6714 1998 8 775.003776362
6714 1998 9 750.001556085
6714 1998 10 775.001607697
6714 1998 11 749.40932472
6714 1998 12 303.78077656
6714 1999 1 153.697634522
6714 1999 2 700.001451872
6714 1999 3 770.114616166
6714 1999 4 750.001555979
6714 1999 5 775.001607981
6714 1999 6 750.001556059
6714 1999 7 775.001607696
6714 1999 8 775.001607465
6714 1999 9 66.87318859
6714 1999 10 12.8445682757
6714 1999 11 11.2335590122
6714 1999 12 5.92915021466
6714 2000 1 16.8587679462
6714 2000 2 1383.15509253
6714 2000 3 1438.94014541
6714 2000 4 907.381044323
6714 2000 5 826.434112375
6714 2000 6 752.896524317
6714 2000 7 775.001607989
6714 2000 8 775.001607793
6714 2000 9 750.001555751
6714 2000 10 666.437564132
6714 2000 11 481.601979486
6714 2000 12 4.28976531327
6714 2001 1 559.631827637
6714 2001 2 815.614061742
6714 2001 3 1075.69204986
6714 2001 4 875.936167348
6714 2001 5 808.002659107
6714 2001 6 750.114451229
6714 2001 7 775.001607958
6714 2001 8 775.001607716
6714 2001 9 749.712156503
6714 2001 10 29.9268555169
6714 2001 11 27.4328555911
6714 2001 12 23.0805264133
6714 2002 1 138.334563187
6714 2002 2 700.001451877
6714 2002 3 713.222437665
6714 2002 4 5.11482799861
6714 2002 5 13.3888496503
6714 2002 6 8.46864545097
6714 2002 7 10.516333493
6714 2002 8 12.4725830311
6714 2002 9 18.7482791248
6714 2002 10 8.97023027462
6714 2002 11 593.35304501
6714 2002 12 797.320707614
6714 2003 1 775.290716576
6714 2003 2 882.637667266
6714 2003 3 996.168430736
6714 2003 4 976.522857591
6714 2003 5 890.628345174
6714 2003 6 767.348782089
6714 2003 7 775.001608062
6714 2003 8 775.001607877
6714 2003 9 750.001555794
6714 2003 10 562.25250251
6714 2003 11 35.4424773109
6714 2003 12 186.08747525
6714 2004 1 775.00160747
6714 2004 2 763.414227964
6714 2004 3 863.1192588
6714 2004 4 767.328832236
6714 2004 5 775.001608056
6714 2004 6 750.001555956
6714 2004 7 775.001607552
6714 2004 8 334.560425264
6714 2004 9 12.5173976248
6714 2004 10 594.899237253
6714 2004 11 1394.86802524
6714 2004 12 1334.23893917
6714 2005 1 12514.3649831
6714 2005 2 6515.8142929
6714 2005 3 2885.62732467
6714 2005 4 1096.74771789
6714 2005 5 864.720122971
6714 2005 6 764.74588157
6714 2005 7 775.001608062
6714 2005 8 775.001607885
6714 2005 9 750.00155581
6714 2005 10 775.001607633
6714 2005 11 750.001555833
6714 2005 12 656.783233968
6714 2006 1 780.32297947
6714 2006 2 722.885167413
6714 2006 3 852.769029248
6714 2006 4 1103.80416041
6714 2006 5 909.93087081
6714 2006 6 768.759482227
6714 2006 7 775.001608097
6714 2006 8 775.001607934
6714 2006 9 750.001555846
6714 2006 10 735.845678297
6714 2006 11 6.5124541952
6714 2006 12 11.3677981652
6714 2007 1 23.8421273926
6714 2007 2 447.338664474
6714 2007 3 775.001607491
6714 2007 4 564.196351516
6714 2007 5 9.949332763
6714 2007 6 8.21513874745
6714 2007 7 12.6153693336
6714 2007 8 12.0373645161
6714 2007 9 11.0102103918
6714 2007 10 14.282460093
6714 2007 11 10.2985303036
6714 2007 12 353.419258691
6714 2008 1 1547.01770654
6714 2008 2 1549.30163868
6714 2008 3 987.722774128
6714 2008 4 779.422464297
6714 2008 5 775.371130855
6714 2008 6 750.001556129
6714 2008 7 775.001607798
6714 2008 8 775.001607559
6714 2008 9 261.183411304
6714 2008 10 10.4046797223
6714 2008 11 131.524906362
6714 2008 12 780.18980862
6714 2009 1 780.73710471
6714 2009 2 831.457963876
6714 2009 3 830.867206856
6714 2009 4 754.218024413
6714 2009 5 775.001608036
6714 2009 6 750.001555933
6714 2009 7 775.001607494
6714 2009 8 100.751836753
6714 2009 9 8.30888501618
6714 2009 10 459.055055887
6714 2009 11 205.477718352
6714 2009 12 526.933075448
6714 2010 1 821.736521429
6714 2010 2 827.32290105
6714 2010 3 888.116256817
6714 2010 4 804.305738915
6714 2010 5 777.812227742
6714 2010 6 750.00155615
6714 2010 7 775.001607779
6714 2010 8 775.001607505
6714 2010 9 113.308860527
6714 2010 10 30.2201218269
6714 2010 11 26.6395319283
6714 2010 12 463.929086373
6714 2011 1 974.414942856
6714 2011 2 850.957737226
6714 2011 3 1325.37415241
6714 2011 4 1121.29012901
6714 2011 5 850.298474737
6714 2011 6 754.594028095
6714 2011 7 775.001607968
6714 2011 8 775.001607741
6714 2011 9 750.001555637
6714 2011 10 629.34555389
6714 2011 11 21.2732711273
6714 2011 12 14.1649330468
6714 2012 1 19.7872091157
6714 2012 2 9.8010154721
6714 2012 3 371.29373923
6714 2012 4 703.115136741
6714 2012 5 0
6714 2012 6 0
6714 2012 7 0
6714 2012 8 0
6714 2012 9 0
6714 2012 10 0
6714 2012 11 0
6714 2012 12 0
