6001 1986 1 235496.58687
6001 1986 2 63637.4036678
6001 1986 3 55988.1027942
6001 1986 4 8478.08903576
6001 1986 5 3491.07231032
6001 1986 6 2357.90485421
6001 1986 7 3174.22280899
6001 1986 8 2482.82655749
6001 1986 9 9100.15162422
6001 1986 10 3358.56368983
6001 1986 11 7411.24213786
6001 1986 12 2392.96989299
6001 1987 1 8126.62520205
6001 1987 2 6114.76987129
6001 1987 3 5659.23885644
6001 1987 4 1531.11991254
6001 1987 5 1242.08981121
6001 1987 6 1659.30245052
6001 1987 7 2011.62695885
6001 1987 8 2654.14495199
6001 1987 9 2297.59897773
6001 1987 10 25256.2160689
6001 1987 11 8475.31631729
6001 1987 12 13752.6877449
6001 1988 1 15227.5713044
6001 1988 2 13981.190324
6001 1988 3 3976.71132081
6001 1988 4 17609.8074239
6001 1988 5 3271.67424655
6001 1988 6 2787.86415507
6001 1988 7 2598.08265999
6001 1988 8 2544.36067729
6001 1988 9 2202.71515619
6001 1988 10 1390.5491308
6001 1988 11 5270.33440323
6001 1988 12 22166.464925
6001 1989 1 4087.24878839
6001 1989 2 12694.5227858
6001 1989 3 5772.73012893
6001 1989 4 1828.77756638
6001 1989 5 1675.95490686
6001 1989 6 1700.37020313
6001 1989 7 2602.78055276
6001 1989 8 2554.02161664
6001 1989 9 3655.47700063
6001 1989 10 3524.59779171
6001 1989 11 2963.12293772
6001 1989 12 1705.14623498
6001 1990 1 9484.72998798
6001 1990 2 22264.7825588
6001 1990 3 2324.52195109
6001 1990 4 3845.17486154
6001 1990 5 6213.14703601
6001 1990 6 2529.86115712
6001 1990 7 3734.39772929
6001 1990 8 2993.81819518
6001 1990 9 2529.81110119
6001 1990 10 2004.08622344
6001 1990 11 3854.04192526
6001 1990 12 1413.97444424
6001 1991 1 10076.0485689
6001 1991 2 35875.8891751
6001 1991 3 49665.0529569
6001 1991 4 6263.50825404
6001 1991 5 3212.1520891
6001 1991 6 2043.57118188
6001 1991 7 2241.46411848
6001 1991 8 1915.27087828
6001 1991 9 1708.26792212
6001 1991 10 3430.20390681
6001 1991 11 1280.92972278
6001 1991 12 22998.4612915
6001 1992 1 17311.4154042
6001 1992 2 157283.042655
6001 1992 3 89676.534123
6001 1992 4 8365.72500871
6001 1992 5 3630.60704903
6001 1992 6 2414.67940753
6001 1992 7 2985.85902848
6001 1992 8 2539.70330206
6001 1992 9 2104.96764434
6001 1992 10 6075.12454373
6001 1992 11 1330.32341673
6001 1992 12 38430.0663208
6001 1993 1 232882.793029
6001 1993 2 176532.450713
6001 1993 3 34652.0931998
6001 1993 4 6979.07164689
6001 1993 5 3463.43984864
6001 1993 6 7168.24772434
6001 1993 7 2660.18003146
6001 1993 8 2002.07575863
6001 1993 9 1808.91341512
6001 1993 10 2247.85538638
6001 1993 11 4981.78441228
6001 1993 12 5603.05331764
6001 1994 1 2663.11320269
6001 1994 2 22487.5537859
6001 1994 3 12062.2703582
6001 1994 4 4692.68266583
6001 1994 5 2029.4952096
6001 1994 6 2153.47002076
6001 1994 7 2692.42389099
6001 1994 8 2856.2123152
6001 1994 9 2386.96829134
6001 1994 10 4581.61447168
6001 1994 11 3802.50792368
6001 1994 12 6479.44974766
6001 1995 1 184515.193692
6001 1995 2 24023.3907263
6001 1995 3 116020.114301
6001 1995 4 11371.5929879
6001 1995 5 3989.77063723
6001 1995 6 6127.92001207
6001 1995 7 2819.44089111
6001 1995 8 2747.22654271
6001 1995 9 2684.90048111
6001 1995 10 1737.39209038
6001 1995 11 823.514218408
6001 1995 12 8137.50183704
6001 1996 1 12129.4166998
6001 1996 2 46007.7160883
6001 1996 3 18724.2478134
6001 1996 4 6020.13979396
6001 1996 5 3075.55163879
6001 1996 6 2544.46783897
6001 1996 7 3003.25035281
6001 1996 8 2859.90759746
6001 1996 9 2386.72674648
6001 1996 10 7157.9958692
6001 1996 11 11729.8018895
6001 1996 12 36731.306764
6001 1997 1 40590.1295624
6001 1997 2 5188.62075617
6001 1997 3 2982.44918528
6001 1997 4 2096.44095747
6001 1997 5 2153.03477185
6001 1997 6 2209.38346483
6001 1997 7 2785.70613192
6001 1997 8 2555.52500652
6001 1997 9 3861.46245669
6001 1997 10 1851.00739273
6001 1997 11 12825.8028723
6001 1997 12 23810.3759303
6001 1998 1 20244.8833887
6001 1998 2 244061.777823
6001 1998 3 45990.5011573
6001 1998 4 15612.1752919
6001 1998 5 29949.4236522
6001 1998 6 3779.72784345
6001 1998 7 3274.23035439
6001 1998 8 3004.89436044
6001 1998 9 2386.02130641
6001 1998 10 1546.28677579
6001 1998 11 7487.64509612
6001 1998 12 2603.68765922
6001 1999 1 9222.16451735
6001 1999 2 3643.36317215
6001 1999 3 7862.16157388
6001 1999 4 14240.1590091
6001 1999 5 3256.98880239
6001 1999 6 4027.93390205
6001 1999 7 2584.64540055
6001 1999 8 2539.82754418
6001 1999 9 2062.36601481
6001 1999 10 1951.11202827
6001 1999 11 2279.97157566
6001 1999 12 2089.39979903
6001 2000 1 4997.03330844
6001 2000 2 45658.324508
6001 2000 3 23310.8181406
6001 2000 4 16106.6192542
6001 2000 5 3329.91038516
6001 2000 6 2667.33090589
6001 2000 7 2667.34467697
6001 2000 8 2985.30659676
6001 2000 9 2714.89904759
6001 2000 10 8193.73332494
6001 2000 11 1507.52529797
6001 2000 12 873.747110541
6001 2001 1 31480.3400491
6001 2001 2 60167.1868011
6001 2001 3 20326.8825252
6001 2001 4 10448.7906221
6001 2001 5 2939.70008348
6001 2001 6 2403.68045263
6001 2001 7 2611.44691783
6001 2001 8 2362.59755734
6001 2001 9 1905.53382796
6001 2001 10 1674.1284569
6001 2001 11 8955.51235914
6001 2001 12 6204.29048665
6001 2002 1 5386.42755127
6001 2002 2 1950.83590407
6001 2002 3 2200.57628873
6001 2002 4 912.451769665
6001 2002 5 1649.42038677
6001 2002 6 1659.92104964
6001 2002 7 2179.98612297
6001 2002 8 2177.60294956
6001 2002 9 2404.59387849
6001 2002 10 1334.44720885
6001 2002 11 13750.4259068
6001 2002 12 19304.1235241
6001 2003 1 1877.79599336
6001 2003 2 45329.2070014
6001 2003 3 35494.3054319
6001 2003 4 11943.5495545
6001 2003 5 10439.987537
6001 2003 6 2017.55798642
6001 2003 7 2598.12896838
6001 2003 8 2606.46987422
6001 2003 9 2285.69383326
6001 2003 10 3098.03039017
6001 2003 11 3591.60169037
6001 2003 12 8458.4446322
6001 2004 1 3136.52408362
6001 2004 2 37072.0480147
6001 2004 3 7894.52869661
6001 2004 4 2444.71382167
6001 2004 5 2352.03079415
6001 2004 6 1965.95047906
6001 2004 7 2295.76369418
6001 2004 8 2458.24520114
6001 2004 9 2352.75215731
6001 2004 10 41311.8617474
6001 2004 11 5680.09688508
6001 2004 12 63587.7116119
6001 2005 1 253027.586973
6001 2005 2 217322.097274
6001 2005 3 30100.9577253
6001 2005 4 11132.592936
6001 2005 5 4561.88228555
6001 2005 6 2593.6427706
6001 2005 7 2745.18750884
6001 2005 8 2626.44100243
6001 2005 9 2811.98575276
6001 2005 10 9444.59269366
6001 2005 11 2396.02470854
6001 2005 12 11065.8562883
6001 2006 1 9641.61770029
6001 2006 2 15274.1141112
6001 2006 3 21283.7947052
6001 2006 4 20567.4389304
6001 2006 5 6375.8861439
6001 2006 6 3019.10208369
6001 2006 7 3391.56251711
6001 2006 8 2555.2090822
6001 2006 9 2460.85328531
6001 2006 10 1927.23117974
6001 2006 11 1449.66768795
6001 2006 12 4196.77040346
6001 2007 1 1738.02706857
6001 2007 2 6319.65598307
6001 2007 3 853.550797463
6001 2007 4 3250.46159312
6001 2007 5 966.538010878
6001 2007 6 957.693430116
6001 2007 7 1382.36902595
6001 2007 8 1465.01318054
6001 2007 9 5983.2814753
6001 2007 10 3619.99122508
6001 2007 11 3694.42485301
6001 2007 12 9489.35120555
6001 2008 1 78485.6659527
6001 2008 2 19359.3477404
6001 2008 3 3706.90372389
6001 2008 4 2117.45357424
6001 2008 5 2376.5848584
6001 2008 6 1429.93415312
6001 2008 7 1594.65170154
6001 2008 8 1411.90868002
6001 2008 9 1108.51831855
6001 2008 10 969.096851768
6001 2008 11 11111.8807238
6001 2008 12 14766.3116607
6001 2009 1 3204.20411224
6001 2009 2 31968.4792179
6001 2009 3 3949.45140207
6001 2009 4 1946.02105167
6001 2009 5 1634.22827923
6001 2009 6 980.961248036
6001 2009 7 1386.9705641
6001 2009 8 1388.53997673
6001 2009 9 1199.05718423
6001 2009 10 9212.26125797
6001 2009 11 824.20474323
6001 2009 12 16434.1654094
6001 2010 1 43865.3539903
6001 2010 2 38231.9802285
6001 2010 3 8843.60937547
6001 2010 4 10295.397092
6001 2010 5 2492.00292024
6001 2010 6 1595.40287307
6001 2010 7 1361.81725355
6001 2010 8 1347.58867826
6001 2010 9 1100.94715406
6001 2010 10 7133.32338549
6001 2010 11 5590.68226212
6001 2010 12 99548.5613972
6001 2011 1 9932.49659725
6001 2011 2 22879.3687425
6001 2011 3 59129.6821736
6001 2011 4 5666.00565787
6001 2011 5 5210.45726445
6001 2011 6 1804.75588397
6001 2011 7 1594.11384773
6001 2011 8 1321.53503373
6001 2011 9 1022.22718844
6001 2011 10 6063.17754065
6001 2011 11 9119.17106022
6001 2011 12 5260.9170294
6001 2012 1 6534.38015103
6001 2012 2 1178.01782707
6001 2012 3 14876.7615425
6001 2012 4 12182.1150622
6001 2012 5 0
6001 2012 6 0
6001 2012 7 0
6001 2012 8 0
6001 2012 9 0
6001 2012 10 0
6001 2012 11 0
6001 2012 12 0
