5001 1986 1 40297463.2783
5001 1986 2 20372.1387057
5001 1986 3 15386.8082054
5001 1986 4 2321.09371803
5001 1986 5 1124.42810555
5001 1986 6 819.00850017
5001 1986 7 996.92551969
5001 1986 8 862.802112222
5001 1986 9 3941.40829742
5001 1986 10 928.229265691
5001 1986 11 2519.67152866
5001 1986 12 761.852573553
5001 1987 1 4891.85577262
5001 1987 2 2834.14436493
5001 1987 3 1847.61501904
5001 1987 4 533.132872687
5001 1987 5 435.942496669
5001 1987 6 627.498342455
5001 1987 7 602.252352035
5001 1987 8 784.759742112
5001 1987 9 722.357296915
5001 1987 10 3821.73096489
5001 1987 11 1266.3460781
5001 1987 12 3700.41379918
5001 1988 1 5522.19495197
5001 1988 2 2083.2081167
5001 1988 3 731.494904095
5001 1988 4 5616.23517829
5001 1988 5 885.615530908
5001 1988 6 809.79538201
5001 1988 7 758.331823626
5001 1988 8 729.735158474
5001 1988 9 727.201168161
5001 1988 10 477.696401573
5001 1988 11 1340.0958762
5001 1988 12 5684.91090041
5001 1989 1 1169.20215747
5001 1989 2 3055.12990268
5001 1989 3 2265.85810517
5001 1989 4 573.47855451
5001 1989 5 517.221631685
5001 1989 6 541.370216477
5001 1989 7 787.909394626
5001 1989 8 819.444178735
5001 1989 9 1205.80225261
5001 1989 10 1418.31750309
5001 1989 11 797.540063557
5001 1989 12 610.565415074
5001 1990 1 3298.77969714
5001 1990 2 8280.53726843
5001 1990 3 644.242671167
5001 1990 4 1079.82608348
5001 1990 5 3041.5717143
5001 1990 6 852.738623581
5001 1990 7 1102.29855104
5001 1990 8 871.570440427
5001 1990 9 901.522656283
5001 1990 10 674.700716558
5001 1990 11 782.433153301
5001 1990 12 388.138865129
5001 1991 1 4207.43734257
5001 1991 2 13463.254493
5001 1991 3 14069.3389036
5001 1991 4 1453.13727761
5001 1991 5 1017.39892887
5001 1991 6 708.158012096
5001 1991 7 731.738509558
5001 1991 8 646.312240981
5001 1991 9 677.98132919
5001 1991 10 882.545179755
5001 1991 11 459.3702422
5001 1991 12 5605.61138642
5001 1992 1 5005.22799934
5001 1992 2 27134.3201104
5001 1992 3 17688.1951401
5001 1992 4 1489.07888252
5001 1992 5 942.027675887
5001 1992 6 810.642122809
5001 1992 7 886.336593455
5001 1992 8 875.791749544
5001 1992 9 785.836070708
5001 1992 10 2162.58277073
5001 1992 11 478.078917042
5001 1992 12 15657.8767406
5001 1993 1 65905.7279907
5001 1993 2 39967.8237005
5001 1993 3 6071.597278
5001 1993 4 1539.48776085
5001 1993 5 1123.98246454
5001 1993 6 2978.08583146
5001 1993 7 858.190679538
5001 1993 8 718.551271679
5001 1993 9 672.072777626
5001 1993 10 495.71108465
5001 1993 11 2892.38398781
5001 1993 12 1785.04231024
5001 1994 1 861.982501017
5001 1994 2 9605.32935176
5001 1994 3 4971.90398642
5001 1994 4 1480.6569626
5001 1994 5 673.259361048
5001 1994 6 713.84505792
5001 1994 7 792.001728152
5001 1994 8 901.555586885
5001 1994 9 819.781583978
5001 1994 10 923.366541343
5001 1994 11 1828.52115995
5001 1994 12 1612.01677263
5001 1995 1 45440.5977215
5001 1995 2 3171.62762353
5001 1995 3 30504.9071238
5001 1995 4 2935.0700078
5001 1995 5 965.363738157
5001 1995 6 2647.80536935
5001 1995 7 951.212998756
5001 1995 8 934.717118351
5001 1995 9 866.221230139
5001 1995 10 544.197711357
5001 1995 11 267.175132442
5001 1995 12 3483.57621736
5001 1996 1 3886.2575186
5001 1996 2 14553.6516801
5001 1996 3 5913.76472613
5001 1996 4 1635.52769542
5001 1996 5 932.709595859
5001 1996 6 778.052307193
5001 1996 7 850.563334892
5001 1996 8 839.226403632
5001 1996 9 746.338861119
5001 1996 10 3233.64903532
5001 1996 11 6723.17211777
5001 1996 12 12003.8415141
5001 1997 1 14691.1147602
5001 1997 2 1287.66172523
5001 1997 3 890.059734125
5001 1997 4 665.646580108
5001 1997 5 599.074016704
5001 1997 6 539.784037432
5001 1997 7 629.060294595
5001 1997 8 667.704092
5001 1997 9 1438.33951652
5001 1997 10 638.004438375
5001 1997 11 7100.98229228
5001 1997 12 13376.9305582
5001 1998 1 9761.34249786
5001 1998 2 70424.8011695
5001 1998 3 13264.0262443
5001 1998 4 3445.8961155
5001 1998 5 4320.47714935
5001 1998 6 1048.09193258
5001 1998 7 1121.93961462
5001 1998 8 990.399927534
5001 1998 9 803.958878429
5001 1998 10 506.338025615
5001 1998 11 3340.12938145
5001 1998 12 1181.817776
5001 1999 1 3234.9523376
5001 1999 2 1097.96009704
5001 1999 3 2141.68643496
5001 1999 4 5058.86799515
5001 1999 5 747.950258807
5001 1999 6 1046.43297693
5001 1999 7 696.573999004
5001 1999 8 731.048071032
5001 1999 9 723.802589356
5001 1999 10 607.192123182
5001 1999 11 356.989368192
5001 1999 12 687.368487763
5001 2000 1 1599.29643536
5001 2000 2 10424.3770875
5001 2000 3 5244.96828735
5001 2000 4 3573.89030422
5001 2000 5 851.770310779
5001 2000 6 764.085229891
5001 2000 7 809.339502928
5001 2000 8 798.205301191
5001 2000 9 795.123694433
5001 2000 10 4123.99778448
5001 2000 11 440.798137108
5001 2000 12 226.024522604
5001 2001 1 9949.78216419
5001 2001 2 19793.8845564
5001 2001 3 2720.17657673
5001 2001 4 2733.46612197
5001 2001 5 805.79215092
5001 2001 6 733.011656995
5001 2001 7 745.405646613
5001 2001 8 659.141227999
5001 2001 9 498.794445375
5001 2001 10 417.223527327
5001 2001 11 2547.67715524
5001 2001 12 1557.37967801
5001 2002 1 1106.62765671
5001 2002 2 427.649962938
5001 2002 3 651.125344981
5001 2002 4 260.071710859
5001 2002 5 457.033308051
5001 2002 6 395.965342316
5001 2002 7 502.525482215
5001 2002 8 523.50260647
5001 2002 9 561.783509551
5001 2002 10 662.879942633
5001 2002 11 5354.57817055
5001 2002 12 6705.44107732
5001 2003 1 476.6696535
5001 2003 2 12569.4835241
5001 2003 3 12208.5650627
5001 2003 4 4163.73012552
5001 2003 5 3387.71003409
5001 2003 6 563.527196384
5001 2003 7 745.839563277
5001 2003 8 767.388108792
5001 2003 9 663.831526428
5001 2003 10 557.403645819
5001 2003 11 870.279796307
5001 2003 12 3287.22927555
5001 2004 1 1009.99023605
5001 2004 2 14905.4354282
5001 2004 3 3103.32570954
5001 2004 4 1628.20405078
5001 2004 5 850.126557927
5001 2004 6 589.430631695
5001 2004 7 679.85341543
5001 2004 8 729.996462021
5001 2004 9 772.872457344
5001 2004 10 17538.5543644
5001 2004 11 2245.27868909
5001 2004 12 11680.7074613
5001 2005 1 55092.1272056
5001 2005 2 54046.1665952
5001 2005 3 6486.85432134
5001 2005 4 3420.30218142
5001 2005 5 1517.61959854
5001 2005 6 846.758691762
5001 2005 7 821.697989337
5001 2005 8 800.096248143
5001 2005 9 1069.22171997
5001 2005 10 2132.91840038
5001 2005 11 491.190156973
5001 2005 12 2459.85152123
5001 2006 1 2056.61092749
5001 2006 2 4726.38084048
5001 2006 3 6715.70319626
5001 2006 4 5402.1762878
5001 2006 5 1973.84037432
5001 2006 6 813.30994328
5001 2006 7 1033.48629985
5001 2006 8 822.625349608
5001 2006 9 772.357187165
5001 2006 10 582.489888352
5001 2006 11 417.502769839
5001 2006 12 1510.97866994
5001 2007 1 195.179978305
5001 2007 2 1767.67332742
5001 2007 3 253.643014379
5001 2007 4 2124.59310167
5001 2007 5 386.418225653
5001 2007 6 405.87128501
5001 2007 7 577.208213851
5001 2007 8 624.102707381
5001 2007 9 3183.2334835
5001 2007 10 1475.67274931
5001 2007 11 2509.99140791
5001 2007 12 2953.14845128
5001 2008 1 14806.5831984
5001 2008 2 4306.94339169
5001 2008 3 868.567756223
5001 2008 4 681.209580132
5001 2008 5 780.054352278
5001 2008 6 525.166103843
5001 2008 7 654.368169423
5001 2008 8 630.792275246
5001 2008 9 499.213568509
5001 2008 10 391.158595021
5001 2008 11 4135.77054997
5001 2008 12 7060.72321348
5001 2009 1 978.698791085
5001 2009 2 11405.1327999
5001 2009 3 1032.74620478
5001 2009 4 700.459100055
5001 2009 5 589.244992204
5001 2009 6 344.200814124
5001 2009 7 563.105995783
5001 2009 8 590.796734471
5001 2009 9 540.246109653
5001 2009 10 2928.6599385
5001 2009 11 378.045866136
5001 2009 12 5302.41219364
5001 2010 1 17751.9186532
5001 2010 2 12479.3354548
5001 2010 3 2181.51410212
5001 2010 4 2862.30455338
5001 2010 5 808.674325513
5001 2010 6 566.353082753
5001 2010 7 542.120873285
5001 2010 8 591.389041857
5001 2010 9 495.405667709
5001 2010 10 2118.44626142
5001 2010 11 1829.93116306
5001 2010 12 34327.8896797
5001 2011 1 3139.21626212
5001 2011 2 5338.1789668
5001 2011 3 7844.00848695
5001 2011 4 1194.05397943
5001 2011 5 1749.67346136
5001 2011 6 565.164182562
5001 2011 7 624.696301558
5001 2011 8 605.396524094
5001 2011 9 513.588137489
5001 2011 10 2301.63032589
5001 2011 11 2588.54262325
5001 2011 12 1620.77397421
5001 2012 1 2444.71458863
5001 2012 2 746.633726837
5001 2012 3 3869.274246
5001 2012 4 3380.88826094
5001 2012 5 0
5001 2012 6 0
5001 2012 7 0
5001 2012 8 0
5001 2012 9 0
5001 2012 10 0
5001 2012 11 0
5001 2012 12 0
