3001 1986 1 6891.49195234
3001 1986 2 10563.2124518
3001 1986 3 6721.41001926
3001 1986 4 1738.81974925
3001 1986 5 605.395922497
3001 1986 6 327.745496299
3001 1986 7 414.873155504
3001 1986 8 337.377436099
3001 1986 9 408.776193212
3001 1986 10 282.109164153
3001 1986 11 620.982769516
3001 1986 12 230.503527083
3001 1987 1 478.053816264
3001 1987 2 247.929997179
3001 1987 3 358.187185569
3001 1987 4 184.939834175
3001 1987 5 159.978948488
3001 1987 6 218.857160699
3001 1987 7 282.76062473
3001 1987 8 381.88309478
3001 1987 9 301.977197332
3001 1987 10 1422.95024051
3001 1987 11 546.06979041
3001 1987 12 1505.55545175
3001 1988 1 1133.88975509
3001 1988 2 1047.55013869
3001 1988 3 481.201253508
3001 1988 4 1046.67885263
3001 1988 5 416.029120893
3001 1988 6 372.502177461
3001 1988 7 359.871169838
3001 1988 8 320.392814639
3001 1988 9 295.95054994
3001 1988 10 202.768603006
3001 1988 11 212.19118808
3001 1988 12 987.75976238
3001 1989 1 286.462645098
3001 1989 2 775.438416567
3001 1989 3 271.473930405
3001 1989 4 200.396866674
3001 1989 5 200.081156618
3001 1989 6 237.768308627
3001 1989 7 376.183084126
3001 1989 8 362.889524232
3001 1989 9 305.853181586
3001 1989 10 288.169289282
3001 1989 11 227.283670768
3001 1989 12 178.630562384
3001 1990 1 598.945705489
3001 1990 2 1137.69367891
3001 1990 3 277.560062626
3001 1990 4 261.927947474
3001 1990 5 350.014895419
3001 1990 6 333.801299133
3001 1990 7 515.667994893
3001 1990 8 358.484882444
3001 1990 9 351.114418793
3001 1990 10 289.719027029
3001 1990 11 329.557383689
3001 1990 12 237.206669093
3001 1991 1 452.996283019
3001 1991 2 1488.60809387
3001 1991 3 4377.22845793
3001 1991 4 1162.90762771
3001 1991 5 485.667368121
3001 1991 6 276.36246364
3001 1991 7 282.830307677
3001 1991 8 270.261549664
3001 1991 9 228.425020629
3001 1991 10 297.925659329
3001 1991 11 184.451178527
3001 1991 12 2033.82115653
3001 1992 1 1917.2332597
3001 1992 2 21427.4301749
3001 1992 3 10189.1335179
3001 1992 4 1816.05894783
3001 1992 5 615.703351338
3001 1992 6 334.655458152
3001 1992 7 316.701107007
3001 1992 8 343.735028547
3001 1992 9 284.041444169
3001 1992 10 388.667984521
3001 1992 11 185.483078764
3001 1992 12 1755.6483997
3001 1993 1 12007.7478152
3001 1993 2 10444.2611324
3001 1993 3 5841.16892668
3001 1993 4 1636.13525135
3001 1993 5 564.491524763
3001 1993 6 478.328950912
3001 1993 7 348.360921851
3001 1993 8 275.107415741
3001 1993 9 251.522857762
3001 1993 10 311.371853344
3001 1993 11 229.433656764
3001 1993 12 253.457439369
3001 1994 1 162.134188541
3001 1994 2 1341.20379421
3001 1994 3 586.639647442
3001 1994 4 307.729585431
3001 1994 5 237.385894673
3001 1994 6 290.828438382
3001 1994 7 379.45648815
3001 1994 8 404.405510151
3001 1994 9 330.870980642
3001 1994 10 390.332132104
3001 1994 11 356.943937454
3001 1994 12 255.101434327
3001 1995 1 24932.5450366
3001 1995 2 3655.2068674
3001 1995 3 9889.66809372
3001 1995 4 1668.56979222
3001 1995 5 747.338598344
3001 1995 6 410.568349115
3001 1995 7 343.281222546
3001 1995 8 359.314021028
3001 1995 9 367.766642732
3001 1995 10 241.28289315
3001 1995 11 125.289419365
3001 1995 12 607.974833586
3001 1996 1 575.626130556
3001 1996 2 2985.13040452
3001 1996 3 1355.04430123
3001 1996 4 533.054725166
3001 1996 5 377.169298379
3001 1996 6 340.71805784
3001 1996 7 418.689299351
3001 1996 8 402.310681466
3001 1996 9 331.526034722
3001 1996 10 662.677800816
3001 1996 11 646.073256458
3001 1996 12 2923.62765892
3001 1997 1 2880.05877764
3001 1997 2 869.176152619
3001 1997 3 419.151401057
3001 1997 4 263.074375087
3001 1997 5 289.409244602
3001 1997 6 323.47117382
3001 1997 7 412.478865088
3001 1997 8 371.761834112
3001 1997 9 335.135111094
3001 1997 10 256.525511824
3001 1997 11 583.787669451
3001 1997 12 1996.35963605
3001 1998 1 2306.38379698
3001 1998 2 33181.5909518
3001 1998 3 4573.6498424
3001 1998 4 1920.44727525
3001 1998 5 1481.760705
3001 1998 6 466.3528459
3001 1998 7 390.048265553
3001 1998 8 395.830169147
3001 1998 9 299.536683677
3001 1998 10 220.397250211
3001 1998 11 429.427781269
3001 1998 12 271.169701301
3001 1999 1 453.801845424
3001 1999 2 337.165595743
3001 1999 3 681.899052193
3001 1999 4 712.971389383
3001 1999 5 272.236765391
3001 1999 6 260.861401185
3001 1999 7 370.869722113
3001 1999 8 359.62756896
3001 1999 9 289.287255494
3001 1999 10 282.85263092
3001 1999 11 302.939040418
3001 1999 12 282.84063576
3001 2000 1 410.316899329
3001 2000 2 2907.53326556
3001 2000 3 2547.57992945
3001 2000 4 1639.29480221
3001 2000 5 555.25946307
3001 2000 6 366.748111029
3001 2000 7 363.073604066
3001 2000 8 391.187746071
3001 2000 9 270.551429954
3001 2000 10 255.206473349
3001 2000 11 170.595247905
3001 2000 12 127.025638348
3001 2001 1 1297.52539494
3001 2001 2 4029.08574343
3001 2001 3 9376.63175805
3001 2001 4 1421.77285815
3001 2001 5 511.244385004
3001 2001 6 327.491748659
3001 2001 7 350.226610308
3001 2001 8 337.188102522
3001 2001 9 280.795126254
3001 2001 10 235.616020048
3001 2001 11 567.695569194
3001 2001 12 376.868240941
3001 2002 1 295.491387395
3001 2002 2 221.184310445
3001 2002 3 196.854400302
3001 2002 4 134.345600516
3001 2002 5 204.483719177
3001 2002 6 265.235318627
3001 2002 7 338.519584782
3001 2002 8 337.054927072
3001 2002 9 323.780105431
3001 2002 10 196.182439685
3001 2002 11 819.422838035
3001 2002 12 1146.92771555
3001 2003 1 322.378075852
3001 2003 2 5038.75962929
3001 2003 3 2287.29959068
3001 2003 4 996.946026882
3001 2003 5 995.228887334
3001 2003 6 278.257002159
3001 2003 7 351.648299216
3001 2003 8 349.43093201
3001 2003 9 325.715566889
3001 2003 10 251.221104623
3001 2003 11 182.304075583
3001 2003 12 561.894146598
3001 2004 1 331.637786153
3001 2004 2 1693.60506348
3001 2004 3 715.511914847
3001 2004 4 264.270330607
3001 2004 5 293.926181562
3001 2004 6 279.86097366
3001 2004 7 328.616995317
3001 2004 8 346.726626297
3001 2004 9 327.246727278
3001 2004 10 1962.06846122
3001 2004 11 583.831421204
3001 2004 12 3598.27303074
3001 2005 1 22266.001296
3001 2005 2 16795.6341193
3001 2005 3 4257.08675929
3001 2005 4 1485.22922784
3001 2005 5 643.463393025
3001 2005 6 339.840434375
3001 2005 7 359.816940833
3001 2005 8 358.47488858
3001 2005 9 287.98794537
3001 2005 10 499.435098091
3001 2005 11 332.904604022
3001 2005 12 306.210577639
3001 2006 1 1237.83256922
3001 2006 2 871.404440263
3001 2006 3 1099.91416969
3001 2006 4 1577.02561679
3001 2006 5 697.087687084
3001 2006 6 417.910812827
3001 2006 7 437.021051075
3001 2006 8 336.27480267
3001 2006 9 338.919980655
3001 2006 10 227.104449833
3001 2006 11 213.425168006
3001 2006 12 387.129047205
3001 2007 1 646.807822919
3001 2007 2 713.948209903
3001 2007 3 248.936748042
3001 2007 4 303.856090813
3001 2007 5 175.294685495
3001 2007 6 154.147678536
3001 2007 7 196.343046197
3001 2007 8 197.985132503
3001 2007 9 345.013969698
3001 2007 10 289.702831148
3001 2007 11 131.439402785
3001 2007 12 806.504975816
3001 2008 1 7260.62656042
3001 2008 2 3653.92919401
3001 2008 3 1082.9439956
3001 2008 4 388.964776289
3001 2008 5 233.225681438
3001 2008 6 185.38091459
3001 2008 7 205.074214617
3001 2008 8 186.030321207
3001 2008 9 150.495729188
3001 2008 10 118.893194362
3001 2008 11 461.769008808
3001 2008 12 752.433082365
3001 2009 1 211.804482944
3001 2009 2 2604.59382092
3001 2009 3 619.239612383
3001 2009 4 263.542594267
3001 2009 5 201.126352828
3001 2009 6 119.892505032
3001 2009 7 178.536390397
3001 2009 8 181.790731949
3001 2009 9 160.223011529
3001 2009 10 783.598346071
3001 2009 11 139.803295112
3001 2009 12 987.790989379
3001 2010 1 2906.48465716
3001 2010 2 3542.53755965
3001 2010 3 1755.40445932
3001 2010 4 923.7564304
3001 2010 5 362.727188639
3001 2010 6 197.33371998
3001 2010 7 170.649021356
3001 2010 8 178.723523448
3001 2010 9 152.201780329
3001 2010 10 662.561326467
3001 2010 11 344.16813593
3001 2010 12 4940.61714423
3001 2011 1 1859.55298857
3001 2011 2 2126.59010294
3001 2011 3 6465.80379824
3001 2011 4 1461.88454176
3001 2011 5 606.256442524
3001 2011 6 246.84770594
3001 2011 7 199.835410159
3001 2011 8 178.689606385
3001 2011 9 145.647492034
3001 2011 10 512.407618923
3001 2011 11 591.267766959
3001 2011 12 305.377227264
3001 2012 1 478.555673531
3001 2012 2 105.86435872
3001 2012 3 1188.86746048
3001 2012 4 910.488160531
3001 2012 5 0
3001 2012 6 0
3001 2012 7 0
3001 2012 8 0
3001 2012 9 0
3001 2012 10 0
3001 2012 11 0
3001 2012 12 0
