3002 1986 1 595.286948096
3002 1986 2 1050.78596897
3002 1986 3 552.793825548
3002 1986 4 135.131138091
3002 1986 5 40.6884462119
3002 1986 6 18.1463322544
3002 1986 7 21.273360445
3002 1986 8 17.2936851937
3002 1986 9 20.9592768995
3002 1986 10 17.3047303817
3002 1986 11 19.4737975633
3002 1986 12 12.4783032812
3002 1987 1 16.8166950139
3002 1987 2 11.7405943212
3002 1987 3 14.8807505596
3002 1987 4 10.4395910269
3002 1987 5 8.26772436127
3002 1987 6 10.868499402
3002 1987 7 14.1646288318
3002 1987 8 19.294847289
3002 1987 9 15.3046104993
3002 1987 10 34.189469452
3002 1987 11 37.6846630614
3002 1987 12 42.7883526196
3002 1988 1 44.1492453082
3002 1988 2 28.6547332888
3002 1988 3 27.1526047826
3002 1988 4 47.3898401933
3002 1988 5 31.278696735
3002 1988 6 20.7356398387
3002 1988 7 18.5747852331
3002 1988 8 16.3079155046
3002 1988 9 14.5502256601
3002 1988 10 9.9325703234
3002 1988 11 8.84229240127
3002 1988 12 29.2433924299
3002 1989 1 19.9475096373
3002 1989 2 10.2366459692
3002 1989 3 9.21609105764
3002 1989 4 9.02985537184
3002 1989 5 9.4349558811
3002 1989 6 11.5545384538
3002 1989 7 18.6841086228
3002 1989 8 18.4639365504
3002 1989 9 15.1729350229
3002 1989 10 11.3380055367
3002 1989 11 10.8670624549
3002 1989 12 8.60483200883
3002 1990 1 11.9832650776
3002 1990 2 102.793862933
3002 1990 3 22.4218109803
3002 1990 4 10.6513984197
3002 1990 5 14.6329515878
3002 1990 6 18.160804359
3002 1990 7 26.6403435531
3002 1990 8 18.3318385938
3002 1990 9 17.8859355779
3002 1990 10 14.5199523443
3002 1990 11 13.0692822481
3002 1990 12 11.865749575
3002 1991 1 12.6076982733
3002 1991 2 63.4198740808
3002 1991 3 347.327394479
3002 1991 4 87.3966994335
3002 1991 5 28.7806823092
3002 1991 6 14.5692299672
3002 1991 7 13.9812184362
3002 1991 8 13.2971563762
3002 1991 9 11.1829366701
3002 1991 10 12.3316584869
3002 1991 11 9.16528211879
3002 1991 12 117.574674529
3002 1992 1 150.896550892
3002 1992 2 1818.92326176
3002 1992 3 999.814458885
3002 1992 4 140.047472144
3002 1992 5 37.8653099472
3002 1992 6 17.6671231853
3002 1992 7 15.5916005067
3002 1992 8 17.4599831961
3002 1992 9 14.4006175307
3002 1992 10 14.5968524524
3002 1992 11 10.709898251
3002 1992 12 204.820665766
3002 1993 1 1725.21337058
3002 1993 2 1048.18775436
3002 1993 3 693.426066788
3002 1993 4 168.686340539
3002 1993 5 42.8617659072
3002 1993 6 23.122494243
3002 1993 7 17.806478414
3002 1993 8 13.742352416
3002 1993 9 12.5431325185
3002 1993 10 10.6498263591
3002 1993 11 9.39895091135
3002 1993 12 12.1030839794
3002 1994 1 8.14008755908
3002 1994 2 96.5443999005
3002 1994 3 45.5955817557
3002 1994 4 22.3829453857
3002 1994 5 12.9410509762
3002 1994 6 17.7543693116
3002 1994 7 19.7656398824
3002 1994 8 20.7630647519
3002 1994 9 16.8627422738
3002 1994 10 16.0419050871
3002 1994 11 12.5883232303
3002 1994 12 12.6817327513
3002 1995 1 3187.27842747
3002 1995 2 357.289286234
3002 1995 3 1151.41361088
3002 1995 4 117.048322655
3002 1995 5 36.3200319917
3002 1995 6 17.6431812001
3002 1995 7 17.2779295705
3002 1995 8 18.30942623
3002 1995 9 18.5420089426
3002 1995 10 12.1998090742
3002 1995 11 6.00929288068
3002 1995 12 11.6467515597
3002 1996 1 14.3465505679
3002 1996 2 350.2004287
3002 1996 3 120.675488576
3002 1996 4 39.5673440553
3002 1996 5 22.757793025
3002 1996 6 17.927986866
3002 1996 7 21.5398365353
3002 1996 8 20.5482500399
3002 1996 9 16.8012302733
3002 1996 10 20.4955831366
3002 1996 11 25.3693725042
3002 1996 12 117.983544181
3002 1997 1 265.874299766
3002 1997 2 91.1306400265
3002 1997 3 31.5261327762
3002 1997 4 15.2880687664
3002 1997 5 15.0116943711
3002 1997 6 16.2121383423
3002 1997 7 21.0423480576
3002 1997 8 18.8346794891
3002 1997 9 16.7362487459
3002 1997 10 12.8869393224
3002 1997 11 16.1556548265
3002 1997 12 146.490680818
3002 1998 1 94.5442805889
3002 1998 2 2971.21682552
3002 1998 3 426.247378431
3002 1998 4 188.230862685
3002 1998 5 175.062358199
3002 1998 6 43.3647712042
3002 1998 7 24.2889333912
3002 1998 8 20.7859745636
3002 1998 9 14.80578646
3002 1998 10 10.9747495363
3002 1998 11 11.9665772858
3002 1998 12 12.7347347374
3002 1999 1 11.1083164161
3002 1999 2 14.3895825246
3002 1999 3 16.1504447787
3002 1999 4 33.6419373571
3002 1999 5 16.2388318277
3002 1999 6 14.2360442155
3002 1999 7 20.6365907957
3002 1999 8 19.5717869524
3002 1999 9 14.8817079072
3002 1999 10 14.1737597599
3002 1999 11 10.7210581222
3002 1999 12 10.9570035162
3002 2000 1 8.57086977829
3002 2000 2 193.036352298
3002 2000 3 190.09582648
3002 2000 4 127.260077795
3002 2000 5 41.4824218698
3002 2000 6 21.0550610556
3002 2000 7 18.8479918537
3002 2000 8 19.9746465342
3002 2000 9 13.5855588681
3002 2000 10 15.7551370758
3002 2000 11 14.235592113
3002 2000 12 7.76586153849
3002 2001 1 135.953056198
3002 2001 2 602.197028441
3002 2001 3 818.684349388
3002 2001 4 112.281221573
3002 2001 5 41.0554038433
3002 2001 6 19.5703073623
3002 2001 7 18.3572493625
3002 2001 8 17.0553825224
3002 2001 9 14.3162567334
3002 2001 10 11.4980969925
3002 2001 11 15.2303697285
3002 2001 12 16.4966644077
3002 2002 1 14.4340037221
3002 2002 2 13.2546028863
3002 2002 3 10.167507367
3002 2002 4 7.12690291115
3002 2002 5 8.95702716192
3002 2002 6 13.2157338062
3002 2002 7 17.0750868387
3002 2002 8 16.5046866802
3002 2002 9 16.0861273797
3002 2002 10 9.57136924264
3002 2002 11 28.2123925899
3002 2002 12 61.4424060934
3002 2003 1 26.0570614686
3002 2003 2 217.172761946
3002 2003 3 262.181557637
3002 2003 4 69.3330425023
3002 2003 5 64.7489930213
3002 2003 6 18.2825788309
3002 2003 7 18.4126038793
3002 2003 8 17.4516427266
3002 2003 9 16.3881405626
3002 2003 10 11.4324177351
3002 2003 11 7.8863192223
3002 2003 12 13.5728633809
3002 2004 1 16.045404448
3002 2004 2 84.8033594914
3002 2004 3 69.8484097312
3002 2004 4 18.7073192666
3002 2004 5 16.0967045242
3002 2004 6 14.3801854541
3002 2004 7 16.6856616445
3002 2004 8 17.725938553
3002 2004 9 16.5970870294
3002 2004 10 96.505535672
3002 2004 11 62.7027225137
3002 2004 12 407.789060179
3002 2005 1 2305.58070415
3002 2005 2 1838.55141378
3002 2005 3 445.389980632
3002 2005 4 114.500719017
3002 2005 5 49.6766490883
3002 2005 6 20.3581892803
3002 2005 7 19.1050843648
3002 2005 8 18.300603654
3002 2005 9 14.2297617259
3002 2005 10 18.7529765118
3002 2005 11 14.8574274866
3002 2005 12 11.7833316933
3002 2006 1 53.6994433952
3002 2006 2 26.9093013875
3002 2006 3 68.3008693858
3002 2006 4 199.17984023
3002 2006 5 49.0528833527
3002 2006 6 29.3872638215
3002 2006 7 23.8693376062
3002 2006 8 17.470464736
3002 2006 9 17.3214114128
3002 2006 10 11.0317731606
3002 2006 11 10.0761638345
3002 2006 12 12.8754180307
3002 2007 1 9.94625015276
3002 2007 2 9.78244645786
3002 2007 3 7.81638426169
3002 2007 4 7.96604156578
3002 2007 5 7.80994245343
3002 2007 6 7.15424840773
3002 2007 7 9.38313114453
3002 2007 8 9.46529182839
3002 2007 9 11.1053853518
3002 2007 10 8.41821307244
3002 2007 11 4.61057923921
3002 2007 12 16.3471131627
3002 2008 1 562.460692629
3002 2008 2 226.940230557
3002 2008 3 87.3777269362
3002 2008 4 23.7376088493
3002 2008 5 11.8844926298
3002 2008 6 9.25708146032
3002 2008 7 10.1677369175
3002 2008 8 8.93244077423
3002 2008 9 7.1935870685
3002 2008 10 5.56737404204
3002 2008 11 7.0305604255
3002 2008 12 27.7101203972
3002 2009 1 11.5912465494
3002 2009 2 179.164428913
3002 2009 3 58.7834584562
3002 2009 4 19.1534930401
3002 2009 5 11.7663375244
3002 2009 6 5.68692611713
3002 2009 7 8.91275748872
3002 2009 8 8.73828877585
3002 2009 9 7.70205816477
3002 2009 10 28.9559036501
3002 2009 11 9.62878263053
3002 2009 12 43.7285669346
3002 2010 1 177.257762022
3002 2010 2 478.461027759
3002 2010 3 133.381053003
3002 2010 4 58.39122056
3002 2010 5 23.9028589302
3002 2010 6 11.1960527952
3002 2010 7 8.68790415826
3002 2010 8 8.73416547407
3002 2010 9 7.31840960968
3002 2010 10 10.5090468875
3002 2010 11 8.41719216328
3002 2010 12 386.063906303
3002 2011 1 190.64053233
3002 2011 2 213.584867254
3002 2011 3 684.057783124
3002 2011 4 132.23305117
3002 2011 5 38.680506991
3002 2011 6 13.8252281237
3002 2011 7 10.4768820576
3002 2011 8 8.79034914199
3002 2011 9 6.74565108256
3002 2011 10 21.2633578476
3002 2011 11 14.9805715156
3002 2011 12 15.468206999
3002 2012 1 12.1424295031
3002 2012 2 6.22614189704
3002 2012 3 47.9514046393
3002 2012 4 41.4031197657
3002 2012 5 0
3002 2012 6 0
3002 2012 7 0
3002 2012 8 0
3002 2012 9 0
3002 2012 10 0
3002 2012 11 0
3002 2012 12 0
