5270 1986 1 0.0
5270 1986 2 16595.402637
5270 1986 3 27147.3355896
5270 1986 4 10423.7110272
5270 1986 5 5720.14523359
5270 1986 6 4519.29599617
5270 1986 7 3533.97691565
5270 1986 8 2680.13934519
5270 1986 9 1694.23033931
5270 1986 10 1319.02209567
5270 1986 11 939.960943674
5270 1986 12 733.662153521
5270 1987 1 708.110973299
5270 1987 2 636.206717556
5270 1987 3 700.600269269
5270 1987 4 678.000260624
5270 1987 5 696.385171728
5270 1987 6 661.382477857
5270 1987 7 263.782860758
5270 1987 8 25.6347987538
5270 1987 9 0.0
5270 1987 10 35.8170742032
5270 1987 11 642.595509165
5270 1987 12 816.074654716
5270 1988 1 1772.84593983
5270 1988 2 3519.20892176
5270 1988 3 6264.53874016
5270 1988 4 5901.78763185
5270 1988 5 6559.86545937
5270 1988 6 5154.54466935
5270 1988 7 4171.23198561
5270 1988 8 3167.85629932
5270 1988 9 2238.63460825
5270 1988 10 1472.36784265
5270 1988 11 1099.79725423
5270 1988 12 899.71301461
5270 1989 1 1226.62246782
5270 1989 2 1867.10068763
5270 1989 3 2997.84733642
5270 1989 4 2861.63433743
5270 1989 5 2462.56472511
5270 1989 6 1649.41794913
5270 1989 7 1288.44381337
5270 1989 8 959.078654972
5270 1989 9 721.361478824
5270 1989 10 708.197455529
5270 1989 11 677.987145172
5270 1989 12 691.148722805
5270 1990 1 664.467818989
5270 1990 2 622.69473597
5270 1990 3 785.544018479
5270 1990 4 1192.40803597
5270 1990 5 1368.80231753
5270 1990 6 1180.52014671
5270 1990 7 899.190883435
5270 1990 8 712.089142443
5270 1990 9 677.892392851
5270 1990 10 690.011741278
5270 1990 11 397.852395239
5270 1990 12 60.9407060369
5270 1991 1 90.8483974673
5270 1991 2 76.3409041484
5270 1991 3 8020.97694055
5270 1991 4 15292.9838098
5270 1991 5 5857.57752538
5270 1991 6 4571.19785799
5270 1991 7 3569.41231657
5270 1991 8 2708.90827625
5270 1991 9 1707.92091767
5270 1991 10 1272.41845994
5270 1991 11 900.109281662
5270 1991 12 719.385057246
5270 1992 1 1072.82725759
5270 1992 2 39982.4709262
5270 1992 3 37378.9286813
5270 1992 4 14831.3798705
5270 1992 5 5935.03312493
5270 1992 6 4741.97870663
5270 1992 7 3753.92001994
5270 1992 8 2878.12345585
5270 1992 9 1895.53349806
5270 1992 10 1350.16905207
5270 1992 11 1007.20808201
5270 1992 12 980.11333043
5270 1993 1 81794.89669
5270 1993 2 79933.1630162
5270 1993 3 20388.1453837
5270 1993 4 10097.2714311
5270 1993 5 5656.87184489
5270 1993 6 4558.58761372
5270 1993 7 3702.03126294
5270 1993 8 2896.41498932
5270 1993 9 1942.69846423
5270 1993 10 1376.31473126
5270 1993 11 998.188594192
5270 1993 12 751.01380681
5270 1994 1 706.628012739
5270 1994 2 633.435080623
5270 1994 3 762.080568164
5270 1994 4 1209.58598051
5270 1994 5 1684.69855258
5270 1994 6 1670.60493398
5270 1994 7 1397.55994926
5270 1994 8 1006.53207316
5270 1994 9 701.412221628
5270 1994 10 703.22324267
5270 1994 11 670.916817372
5270 1994 12 584.888824249
5270 1995 1 28087.3430176
5270 1995 2 26030.9946749
5270 1995 3 44529.1886259
5270 1995 4 11900.0136554
5270 1995 5 5823.88763238
5270 1995 6 4667.17152923
5270 1995 7 3726.6593876
5270 1995 8 2888.52066365
5270 1995 9 1927.21738884
5270 1995 10 1367.84776685
5270 1995 11 998.044972639
5270 1995 12 751.311926029
5270 1996 1 707.067330493
5270 1996 2 2416.45138788
5270 1996 3 20382.0563138
5270 1996 4 7363.61613956
5270 1996 5 5447.9285312
5270 1996 6 4195.26734983
5270 1996 7 3288.12190974
5270 1996 8 2433.79427981
5270 1996 9 1479.44211025
5270 1996 10 1163.36367477
5270 1996 11 832.449033014
5270 1996 12 1082.22176746
5270 1997 1 4887.45147831
5270 1997 2 9502.25944063
5270 1997 3 5793.13032442
5270 1997 4 4575.17831789
5270 1997 5 3569.01850288
5270 1997 6 2639.64930015
5270 1997 7 1782.92750393
5270 1997 8 1268.1418081
5270 1997 9 873.070281385
5270 1997 10 715.014549582
5270 1997 11 680.471254925
5270 1997 12 697.888074878
5270 1998 1 699.75259237
5270 1998 2 35937.6108391
5270 1998 3 21440.6900657
5270 1998 4 17104.0053103
5270 1998 5 22495.4200822
5270 1998 6 7528.80088733
5270 1998 7 5203.20804475
5270 1998 8 3972.06677853
5270 1998 9 2948.30681543
5270 1998 10 2174.03885542
5270 1998 11 1380.4210012
5270 1998 12 1110.06028328
5270 1999 1 789.434057499
5270 1999 2 641.54205135
5270 1999 3 705.244301192
5270 1999 4 678.013949628
5270 1999 5 698.173585837
5270 1999 6 669.537886562
5270 1999 7 634.197563245
5270 1999 8 184.380128315
5270 1999 9 17.1785396584
5270 1999 10 0.0
5270 1999 11 0.0
5270 1999 12 0.0
5270 2000 1 0.0
5270 2000 2 217.974130295
5270 2000 3 1368.17646896
5270 2000 4 3835.6178363
5270 2000 5 4832.61432785
5270 2000 6 3987.78940926
5270 2000 7 3214.91351394
5270 2000 8 2369.63724024
5270 2000 9 1450.87229268
5270 2000 10 1153.72887802
5270 2000 11 833.022770226
5270 2000 12 713.134847007
5270 2001 1 704.785277179
5270 2001 2 736.305322207
5270 2001 3 3656.71921297
5270 2001 4 5355.07345841
5270 2001 5 4956.19471638
5270 2001 6 3709.10663436
5270 2001 7 2939.20943108
5270 2001 8 1998.44519659
5270 2001 9 1309.68031399
5270 2001 10 1012.78708405
5270 2001 11 736.760376571
5270 2001 12 708.671982406
5270 2002 1 701.747267625
5270 2002 2 627.967870699
5270 2002 3 688.716295126
5270 2002 4 461.412877409
5270 2002 5 111.455630313
5270 2002 6 81.0972184078
5270 2002 7 24.4638516542
5270 2002 8 0.407950406446
5270 2002 9 0.0
5270 2002 10 0.0
5270 2002 11 107.814595115
5270 2002 12 389.222158214
5270 2003 1 689.771175245
5270 2003 2 721.551210176
5270 2003 3 14662.2238006
5270 2003 4 9556.01819425
5270 2003 5 6862.68325493
5270 2003 6 5376.70491114
5270 2003 7 4471.81946904
5270 2003 8 3362.96240719
5270 2003 9 2445.98834534
5270 2003 10 1609.70640384
5270 2003 11 1173.52306096
5270 2003 12 877.705943971
5270 2004 1 742.163712257
5270 2004 2 681.637680407
5270 2004 3 2365.46769697
5270 2004 4 4085.43608239
5270 2004 5 3923.39543949
5270 2004 6 3053.06069937
5270 2004 7 2332.6137631
5270 2004 8 1475.72127966
5270 2004 9 1089.55683436
5270 2004 10 994.45398785
5270 2004 11 3220.03764987
5270 2004 12 5104.67014853
5270 2005 1 94112.8659101
5270 2005 2 74761.1198027
5270 2005 3 23610.8270257
5270 2005 4 9369.6799826
5270 2005 5 5829.5016282
5270 2005 6 4857.3166493
5270 2005 7 3894.6721605
5270 2005 8 3002.33147542
5270 2005 9 2068.41354928
5270 2005 10 1424.40761296
5270 2005 11 1068.84010091
5270 2005 12 779.919248073
5270 2006 1 800.696444601
5270 2006 2 838.956480318
5270 2006 3 1494.31417176
5270 2006 4 7465.35590795
5270 2006 5 6323.36957165
5270 2006 6 5032.63710324
5270 2006 7 4019.47614381
5270 2006 8 3067.37385831
5270 2006 9 2102.70074196
5270 2006 10 1416.41837783
5270 2006 11 1030.71208892
5270 2006 12 759.193941297
5270 2007 1 706.688284021
5270 2007 2 630.191891677
5270 2007 3 689.544593309
5270 2007 4 441.788014351
5270 2007 5 98.8388663364
5270 2007 6 9.64843062912
5270 2007 7 0.0
5270 2007 8 0.0
5270 2007 9 0.0
5270 2007 10 0.0
5270 2007 11 0.0
5270 2007 12 175.376780201
5270 2008 1 6607.1154087
5270 2008 2 21425.2354691
5270 2008 3 7914.46907373
5270 2008 4 5277.31934582
5270 2008 5 4327.20583425
5270 2008 6 3214.69452031
5270 2008 7 2510.8474052
5270 2008 8 1592.70833625
5270 2008 9 1155.51868048
5270 2008 10 841.283010542
5270 2008 11 686.650356711
5270 2008 12 702.532748483
5270 2009 1 702.878570364
5270 2009 2 831.729271341
5270 2009 3 3059.75079729
5270 2009 4 3964.51680626
5270 2009 5 3523.62692472
5270 2009 6 2697.16671608
5270 2009 7 1860.2051562
5270 2009 8 1298.86955588
5270 2009 9 916.084950033
5270 2009 10 723.522702694
5270 2009 11 683.307418621
5270 2009 12 705.051676765
5270 2010 1 2032.06399577
5270 2010 2 22754.975584
5270 2010 3 16424.3492161
5270 2010 4 6016.08325876
5270 2010 5 5633.29587101
5270 2010 6 4534.92373809
5270 2010 7 3560.37809768
5270 2010 8 2696.04512804
5270 2010 9 1691.65906418
5270 2010 10 1278.39130924
5270 2010 11 906.143357781
5270 2010 12 12959.2949478
5270 2011 1 15931.3117033
5270 2011 2 6324.68151966
5270 2011 3 13169.7160954
5270 2011 4 10921.8901714
5270 2011 5 5595.63667161
5270 2011 6 4365.35216159
5270 2011 7 3404.27308452
5270 2011 8 2550.45980796
5270 2011 9 1562.85684456
5270 2011 10 1220.95686713
5270 2011 11 850.395624669
5270 2011 12 714.813744615
5270 2012 1 703.274222261
5270 2012 2 649.306853162
5270 2012 3 684.853527466
5270 2012 4 621.777327217
5270 2012 5 0
5270 2012 6 0
5270 2012 7 0
5270 2012 8 0
5270 2012 9 0
5270 2012 10 0
5270 2012 11 0
5270 2012 12 0
