6689 1986 1 5837.05003958
6689 1986 2 11039.1760515
6689 1986 3 9996.21052582
6689 1986 4 3638.55889011
6689 1986 5 835.366464311
6689 1986 6 132.875827746
6689 1986 7 110.873255203
6689 1986 8 89.4191591906
6689 1986 9 253.235822639
6689 1986 10 84.2360556033
6689 1986 11 207.041659185
6689 1986 12 79.0158052748
6689 1987 1 206.99799544
6689 1987 2 194.165303769
6689 1987 3 191.037635231
6689 1987 4 53.6535410955
6689 1987 5 48.269851732
6689 1987 6 63.4540573809
6689 1987 7 76.9019497738
6689 1987 8 104.890488946
6689 1987 9 80.9073063989
6689 1987 10 815.295628997
6689 1987 11 323.908308065
6689 1987 12 514.887119135
6689 1988 1 466.042119149
6689 1988 2 769.484550192
6689 1988 3 334.088220633
6689 1988 4 618.291220001
6689 1988 5 165.93071977
6689 1988 6 99.4926374732
6689 1988 7 95.7513950134
6689 1988 8 84.651026809
6689 1988 9 75.4534443572
6689 1988 10 50.0125243647
6689 1988 11 172.351326637
6689 1988 12 993.349563698
6689 1989 1 247.607291226
6689 1989 2 698.262500976
6689 1989 3 376.594471143
6689 1989 4 80.954274252
6689 1989 5 58.8302329732
6689 1989 6 63.7092720562
6689 1989 7 99.8507746618
6689 1989 8 96.7557352876
6689 1989 9 123.162414939
6689 1989 10 77.1718970764
6689 1989 11 111.112299764
6689 1989 12 52.4372852607
6689 1990 1 325.424269363
6689 1990 2 596.620653206
6689 1990 3 117.4031699
6689 1990 4 139.0411786
6689 1990 5 171.845169027
6689 1990 6 96.2246800818
6689 1990 7 140.487535851
6689 1990 8 99.8052500802
6689 1990 9 93.2203605868
6689 1990 10 74.9174863853
6689 1990 11 102.82787341
6689 1990 12 55.1746457405
6689 1991 1 308.143501984
6689 1991 2 1003.68334417
6689 1991 3 6910.62411442
6689 1991 4 3543.60844989
6689 1991 5 632.164316082
6689 1991 6 113.00287501
6689 1991 7 71.8929752622
6689 1991 8 70.2842944015
6689 1991 9 58.7750709094
6689 1991 10 113.330103048
6689 1991 11 45.8414615484
6689 1991 12 954.41239936
6689 1992 1 1223.43765953
6689 1992 2 13215.4790324
6689 1992 3 11273.245347
6689 1992 4 5307.87265941
6689 1992 5 1391.38491345
6689 1992 6 206.348260925
6689 1992 7 141.296051416
6689 1992 8 93.0595009329
6689 1992 9 75.8948385132
6689 1992 10 276.620828364
6689 1992 11 54.55898987
6689 1992 12 945.263072717
6689 1993 1 20826.3773213
6689 1993 2 16448.8649311
6689 1993 3 9800.24807083
6689 1993 4 3969.89496664
6689 1993 5 828.713838466
6689 1993 6 303.9207389
6689 1993 7 92.6525318026
6689 1993 8 72.1469985427
6689 1993 9 65.3147983864
6689 1993 10 93.9957749936
6689 1993 11 130.918365201
6689 1993 12 199.156473582
6689 1994 1 79.2360942693
6689 1994 2 515.816947129
6689 1994 3 505.382338242
6689 1994 4 133.049250533
6689 1994 5 73.4885238804
6689 1994 6 75.7108298
6689 1994 7 99.9953889453
6689 1994 8 108.3673004
6689 1994 9 88.3126323309
6689 1994 10 140.73723996
6689 1994 11 149.509314298
6689 1994 12 248.172304115
6689 1995 1 14912.0747647
6689 1995 2 7790.00993312
6689 1995 3 13671.0264812
6689 1995 4 4453.69538694
6689 1995 5 1455.93720559
6689 1995 6 328.758248625
6689 1995 7 96.0696577789
6689 1995 8 99.3262131567
6689 1995 9 97.8938718979
6689 1995 10 62.416616146
6689 1995 11 30.57169448
6689 1995 12 255.778627779
6689 1996 1 309.270651881
6689 1996 2 4203.07883189
6689 1996 3 5787.36566774
6689 1996 4 2417.6804817
6689 1996 5 323.514450915
6689 1996 6 112.048797648
6689 1996 7 112.715732323
6689 1996 8 108.164289001
6689 1996 9 87.860475312
6689 1996 10 141.296181572
6689 1996 11 361.928596094
6689 1996 12 2803.36602791
6689 1997 1 6795.99348137
6689 1997 2 3448.74402712
6689 1997 3 873.922257282
6689 1997 4 134.081053169
6689 1997 5 78.7712817294
6689 1997 6 85.3068202467
6689 1997 7 110.440949032
6689 1997 8 99.3192751278
6689 1997 9 110.018305656
6689 1997 10 65.7838721779
6689 1997 11 465.887760772
6689 1997 12 1232.35621041
6689 1998 1 561.93867998
6689 1998 2 16756.2762459
6689 1998 3 9386.64170688
6689 1998 4 4559.26741957
6689 1998 5 5866.03699056
6689 1998 6 1407.32254599
6689 1998 7 238.959217402
6689 1998 8 101.923210107
6689 1998 9 88.1404396365
6689 1998 10 61.3917851704
6689 1998 11 222.263459161
6689 1998 12 85.4794307741
6689 1999 1 304.943885991
6689 1999 2 127.103382319
6689 1999 3 280.324524269
6689 1999 4 426.456850999
6689 1999 5 85.2594515081
6689 1999 6 156.683382699
6689 1999 7 96.6499160033
6689 1999 8 94.1702124613
6689 1999 9 74.4960799902
6689 1999 10 71.9899484675
6689 1999 11 76.3229928174
6689 1999 12 72.0695984954
6689 2000 1 183.814170388
6689 2000 2 4305.77263811
6689 2000 3 5592.90059562
6689 2000 4 2631.46286879
6689 2000 5 450.678187994
6689 2000 6 115.9309861
6689 2000 7 96.0548008443
6689 2000 8 122.485763812
6689 2000 9 100.354980581
6689 2000 10 218.373787728
6689 2000 11 50.6113858315
6689 2000 12 32.1540216904
6689 2001 1 1204.54116541
6689 2001 2 4170.0823725
6689 2001 3 4646.7584775
6689 2001 4 1804.77965696
6689 2001 5 295.973323652
6689 2001 6 87.7863913278
6689 2001 7 92.9220515976
6689 2001 8 88.4017655024
6689 2001 9 71.5760546781
6689 2001 10 80.3698669811
6689 2001 11 370.144821695
6689 2001 12 157.746372312
6689 2002 1 217.400994012
6689 2002 2 87.4646801519
6689 2002 3 96.6751748418
6689 2002 4 35.3927778558
6689 2002 5 62.7956362797
6689 2002 6 65.7380542319
6689 2002 7 86.6014521466
6689 2002 8 85.3539118485
6689 2002 9 106.925412336
6689 2002 10 71.2963830838
6689 2002 11 517.183692631
6689 2002 12 595.033756695
6689 2003 1 84.8768777189
6689 2003 2 3019.99702809
6689 2003 3 2549.44318929
6689 2003 4 2602.22183394
6689 2003 5 1380.9615151
6689 2003 6 180.742074788
6689 2003 7 91.8347285553
6689 2003 8 95.4657414194
6689 2003 9 85.7861724588
6689 2003 10 112.842057291
6689 2003 11 59.3800687424
6689 2003 12 283.279608975
6689 2004 1 112.946044848
6689 2004 2 1513.35154706
6689 2004 3 957.532780985
6689 2004 4 189.472937619
6689 2004 5 79.1868835651
6689 2004 6 72.3180265066
6689 2004 7 86.8366773739
6689 2004 8 93.3603623379
6689 2004 9 87.3844895632
6689 2004 10 3322.27243886
6689 2004 11 3693.97280412
6689 2004 12 3808.56280118
6689 2005 1 25296.1908214
6689 2005 2 17155.3716249
6689 2005 3 9158.06233756
6689 2005 4 3585.54630686
6689 2005 5 1116.69971285
6689 2005 6 183.646525095
6689 2005 7 97.3634686844
6689 2005 8 98.2655329108
6689 2005 9 77.2772223079
6689 2005 10 339.479817401
6689 2005 11 88.1216604895
6689 2005 12 284.367161561
6689 2006 1 414.61935386
6689 2006 2 525.756200783
6689 2006 3 1318.05842388
6689 2006 4 4092.01354611
6689 2006 5 1231.06263074
6689 2006 6 232.239960869
6689 2006 7 120.509691152
6689 2006 8 92.6003700559
6689 2006 9 90.7160465514
6689 2006 10 60.8675894257
6689 2006 11 48.9450983821
6689 2006 12 128.481088962
6689 2007 1 100.384354942
6689 2007 2 265.08486294
6689 2007 3 42.9522864575
6689 2007 4 86.8374906523
6689 2007 5 33.2474857572
6689 2007 6 32.7985405372
6689 2007 7 45.3782337973
6689 2007 8 47.286769573
6689 2007 9 203.6549886
6689 2007 10 103.866107719
6689 2007 11 79.3163602181
6689 2007 12 267.67535429
6689 2008 1 4244.41374357
6689 2008 2 4817.1708912
6689 2008 3 1589.49459672
6689 2008 4 214.736240523
6689 2008 5 65.6386505603
6689 2008 6 43.5280677814
6689 2008 7 50.0800311777
6689 2008 8 44.9851511232
6689 2008 9 35.9226971541
6689 2008 10 40.6554019303
6689 2008 11 279.804312539
6689 2008 12 393.363586035
6689 2009 1 108.534303053
6689 2009 2 2406.87350762
6689 2009 3 381.801699756
6689 2009 4 110.445486295
6689 2009 5 52.7697013161
6689 2009 6 26.7456130832
6689 2009 7 43.8439618003
6689 2009 8 44.0026713935
6689 2009 9 38.4298567371
6689 2009 10 270.828951499
6689 2009 11 26.4210268673
6689 2009 12 401.063615217
6689 2010 1 1759.13295616
6689 2010 2 1636.15895758
6689 2010 3 1361.35844225
6689 2010 4 495.38171001
6689 2010 5 96.7716810819
6689 2010 6 45.2677653937
6689 2010 7 40.9615611339
6689 2010 8 43.1378625579
6689 2010 9 36.5193582146
6689 2010 10 243.54326839
6689 2010 11 242.90252954
6689 2010 12 3838.60057504
6689 2011 1 2139.56857516
6689 2011 2 1472.05687942
6689 2011 3 5603.48738463
6689 2011 4 3102.85298645
6689 2011 5 683.017705999
6689 2011 6 93.9628413617
6689 2011 7 50.8344806713
6689 2011 8 44.1802832765
6689 2011 9 34.5391804864
6689 2011 10 181.370682729
6689 2011 11 201.207396445
6689 2011 12 124.861924936
6689 2012 1 197.919019823
6689 2012 2 31.3185027817
6689 2012 3 364.26371276
6689 2012 4 353.186377287
6689 2012 5 0
6689 2012 6 0
6689 2012 7 0
6689 2012 8 0
6689 2012 9 0
6689 2012 10 0
6689 2012 11 0
6689 2012 12 0
