6720 1986 1 892.783786386
6720 1986 2 2639.92382502
6720 1986 3 2279.37770647
6720 1986 4 659.388301558
6720 1986 5 300.703700228
6720 1986 6 66.7184713961
6720 1986 7 3.48481610756
6720 1986 8 1.75871871465
6720 1986 9 5.89621750251
6720 1986 10 6.06417489751
6720 1986 11 6.30576173082
6720 1986 12 6.5243659547
6720 1987 1 14.0439123644
6720 1987 2 5.12284964375
6720 1987 3 7.75012236844
6720 1987 4 1.8286336006
6720 1987 5 0.412404029305
6720 1987 6 0.000102059981719
6720 1987 7 0.0
6720 1987 8 0.0
6720 1987 9 0.0
6720 1987 10 26.3259122394
6720 1987 11 118.171025654
6720 1987 12 56.3367378212
6720 1988 1 55.0569529082
6720 1988 2 40.3284511102
6720 1988 3 112.905188365
6720 1988 4 74.8224364623
6720 1988 5 69.3511249722
6720 1988 6 9.74148145095
6720 1988 7 1.56072603593
6720 1988 8 0.600582588416
6720 1988 9 1.26591136856
6720 1988 10 1.62781128706
6720 1988 11 5.60525078997
6720 1988 12 63.5659081737
6720 1989 1 82.1299373848
6720 1989 2 148.348166661
6720 1989 3 121.73307474
6720 1989 4 22.3480561128
6720 1989 5 3.45070602973
6720 1989 6 0.300226288999
6720 1989 7 0.0
6720 1989 8 0.0153090812451
6720 1989 9 3.18674897159
6720 1989 10 3.32624856036
6720 1989 11 2.44614430253
6720 1989 12 1.68026241431
6720 1990 1 37.7897711961
6720 1990 2 70.8865018123
6720 1990 3 57.3412808069
6720 1990 4 14.6644241331
6720 1990 5 5.50955657169
6720 1990 6 1.44135023241
6720 1990 7 0.0848338324639
6720 1990 8 1.32736422302
6720 1990 9 1.79921716817
6720 1990 10 1.75362437584
6720 1990 11 2.02442850108
6720 1990 12 0.280227507468
6720 1991 1 9.63673579998
6720 1991 2 24.7378570877
6720 1991 3 1290.41771129
6720 1991 4 813.238667232
6720 1991 5 288.812954544
6720 1991 6 56.9595289516
6720 1991 7 3.28343870912
6720 1991 8 0.987225558817
6720 1991 9 1.68774459696
6720 1991 10 4.36894951581
6720 1991 11 2.26557006569
6720 1991 12 11.6119898166
6720 1992 1 158.612023963
6720 1992 2 3262.07239503
6720 1992 3 2474.87043535
6720 1992 4 1299.48871028
6720 1992 5 398.798794723
6720 1992 6 138.873970765
6720 1992 7 10.7859662923
6720 1992 8 1.95186717937
6720 1992 9 0.643389206764
6720 1992 10 5.58398433536
6720 1992 11 10.335723648
6720 1992 12 71.4269124087
6720 1993 1 7837.71801419
6720 1993 2 5429.88984552
6720 1993 3 2438.64969791
6720 1993 4 806.900854802
6720 1993 5 300.201786843
6720 1993 6 80.7299339002
6720 1993 7 6.99793358374
6720 1993 8 0.691087307202
6720 1993 9 0.313287565147
6720 1993 10 1.58164271218
6720 1993 11 2.95111982641
6720 1993 12 7.79872863236
6720 1994 1 3.39166358716
6720 1994 2 52.0600839957
6720 1994 3 69.5295476297
6720 1994 4 44.991355233
6720 1994 5 24.1082498867
6720 1994 6 4.15529596783
6720 1994 7 0.62960195076
6720 1994 8 0.0
6720 1994 9 0.0
6720 1994 10 4.85728515707
6720 1994 11 6.29268312046
6720 1994 12 6.85697059842
6720 1995 1 3629.34199279
6720 1995 2 1971.84358172
6720 1995 3 3569.32084038
6720 1995 4 847.680241623
6720 1995 5 450.751512299
6720 1995 6 160.618033241
6720 1995 7 15.0122572457
6720 1995 8 3.82829578066
6720 1995 9 1.71318075705
6720 1995 10 1.95125635545
6720 1995 11 0.955074970947
6720 1995 12 4.57494909962
6720 1996 1 4.74966534335
6720 1996 2 876.531438976
6720 1996 3 1224.92464595
6720 1996 4 568.016427083
6720 1996 5 231.181645287
6720 1996 6 32.4882841076
6720 1996 7 1.83889666283
6720 1996 8 0.637522626242
6720 1996 9 1.0920057753
6720 1996 10 3.03157530946
6720 1996 11 24.8943711956
6720 1996 12 250.247595658
6720 1997 1 1122.32539814
6720 1997 2 704.675582149
6720 1997 3 322.298193311
6720 1997 4 75.2719654766
6720 1997 5 3.05500802801
6720 1997 6 0.0
6720 1997 7 0.0
6720 1997 8 0.0
6720 1997 9 0.3048165716
6720 1997 10 0.899035275623
6720 1997 11 10.9604531514
6720 1997 12 140.818733583
6720 1998 1 100.700809352
6720 1998 2 5393.07716047
6720 1998 3 2225.23431018
6720 1998 4 968.655149269
6720 1998 5 1353.4115813
6720 1998 6 455.679540752
6720 1998 7 162.463020385
6720 1998 8 9.92718618424
6720 1998 9 5.05352365033
6720 1998 10 1.50501539316
6720 1998 11 3.63657876981
6720 1998 12 2.19908165324
6720 1999 1 4.70211785252
6720 1999 2 14.9926941014
6720 1999 3 9.72925059623
6720 1999 4 31.9922024509
6720 1999 5 8.68440008012
6720 1999 6 4.92731811912
6720 1999 7 0.785002854089
6720 1999 8 1.78132074072
6720 1999 9 2.66993238558
6720 1999 10 4.02648405005
6720 1999 11 3.90621667046
6720 1999 12 1.58467004186
6720 2000 1 3.08568446798
6720 2000 2 884.502244609
6720 2000 3 877.895638987
6720 2000 4 400.610984788
6720 2000 5 224.46523446
6720 2000 6 34.8816233793
6720 2000 7 4.07027318398
6720 2000 8 3.24525607336
6720 2000 9 2.37654313136
6720 2000 10 3.5769988841
6720 2000 11 1.31452313823
6720 2000 12 0.614064497296
6720 2001 1 27.0466171659
6720 2001 2 135.260975858
6720 2001 3 535.506512552
6720 2001 4 281.418218753
6720 2001 5 190.461060095
6720 2001 6 14.7680338421
6720 2001 7 2.62895137189
6720 2001 8 1.5863151133
6720 2001 9 1.47701154623
6720 2001 10 2.29086039768
6720 2001 11 5.54523207617
6720 2001 12 8.23282289875
6720 2002 1 10.0284653875
6720 2002 2 15.0438858825
6720 2002 3 5.78099040402
6720 2002 4 0.649182681128
6720 2002 5 0.0926467959704
6720 2002 6 0.0
6720 2002 7 0.0
6720 2002 8 2.10792275094
6720 2002 9 2.91788776056
6720 2002 10 2.17889537294
6720 2002 11 44.9257278372
6720 2002 12 47.541639165
6720 2003 1 25.7504171589
6720 2003 2 272.727950665
6720 2003 3 439.994814637
6720 2003 4 462.963743925
6720 2003 5 331.185753858
6720 2003 6 134.230985643
6720 2003 7 8.42557320537
6720 2003 8 1.93863740896
6720 2003 9 1.30580481476
6720 2003 10 3.00295478165
6720 2003 11 2.78977712465
6720 2003 12 12.7454773872
6720 2004 1 19.8957222815
6720 2004 2 65.1002923034
6720 2004 3 272.293174308
6720 2004 4 118.734802085
6720 2004 5 7.91527280169
6720 2004 6 1.34435094459
6720 2004 7 0.1322705539
6720 2004 8 1.30909958197
6720 2004 9 1.27812472063
6720 2004 10 310.511658656
6720 2004 11 931.617451776
6720 2004 12 712.448484808
6720 2005 1 11150.4821993
6720 2005 2 5396.4806296
6720 2005 3 2133.55660736
6720 2005 4 621.558694431
6720 2005 5 289.063608029
6720 2005 6 109.889246784
6720 2005 7 6.74685693106
6720 2005 8 2.60300361626
6720 2005 9 1.80747137918
6720 2005 10 10.9245856122
6720 2005 11 4.47336101501
6720 2005 12 2.79785547251
6720 2006 1 81.8181303897
6720 2006 2 29.7396101856
6720 2006 3 199.834875743
6720 2006 4 609.077567419
6720 2006 5 390.036035204
6720 2006 6 143.173004352
6720 2006 7 8.29382380687
6720 2006 8 1.32708585955
6720 2006 9 1.15936724503
6720 2006 10 2.4621196296
6720 2006 11 1.27237376291
6720 2006 12 2.20274085537
6720 2007 1 4.02241222189
6720 2007 2 10.5205766569
6720 2007 3 9.20646534987
6720 2007 4 5.67227079358
6720 2007 5 3.53591181178
6720 2007 6 3.60363439843
6720 2007 7 6.84210980829
6720 2007 8 6.24825051702
6720 2007 9 5.66192783782
6720 2007 10 4.04851379878
6720 2007 11 2.34032798701
6720 2007 12 19.9161449775
6720 2008 1 740.812245756
6720 2008 2 961.912292205
6720 2008 3 479.183625757
6720 2008 4 171.134448239
6720 2008 5 14.0259512612
6720 2008 6 8.46980598166
6720 2008 7 6.75411684714
6720 2008 8 5.29517754403
6720 2008 9 4.11205532866
6720 2008 10 3.13132473744
6720 2008 11 13.9438440826
6720 2008 12 43.1676353036
6720 2009 1 23.0174563088
6720 2009 2 140.729027883
6720 2009 3 204.695077621
6720 2009 4 51.7785074929
6720 2009 5 8.17755499527
6720 2009 6 3.04585868054
6720 2009 7 4.16415359195
6720 2009 8 3.74073627543
6720 2009 9 3.63965071294
6720 2009 10 8.47024598965
6720 2009 11 3.07385852751
6720 2009 12 23.439503093
6720 2010 1 67.123298266
6720 2010 2 223.061216405
6720 2010 3 316.239915192
6720 2010 4 187.733675855
6720 2010 5 36.5129232762
6720 2010 6 7.17905512903
6720 2010 7 4.8096449469
6720 2010 8 4.44367929616
6720 2010 9 4.3335296721
6720 2010 10 6.0375937614
6720 2010 11 6.21212753576
6720 2010 12 107.201544814
6720 2011 1 436.068348272
6720 2011 2 220.900539767
6720 2011 3 530.149540009
6720 2011 4 630.646829923
6720 2011 5 249.4589299
6720 2011 6 50.7922966724
6720 2011 7 6.97361290985
6720 2011 8 6.57175720567
6720 2011 9 4.9028155171
6720 2011 10 6.89319652138
6720 2011 11 5.44683800602
6720 2011 12 5.1627780143
6720 2012 1 5.49216768893
6720 2012 2 3.67340599638
6720 2012 3 14.0787788789
6720 2012 4 38.5945144013
6720 2012 5 0
6720 2012 6 0
6720 2012 7 0
6720 2012 8 0
6720 2012 9 0
6720 2012 10 0
6720 2012 11 0
6720 2012 12 0
