6301 1986 1 2755.1670324
6301 1986 2 2683.9853783
6301 1986 3 3403.2017832
6301 1986 4 1708.19578324
6301 1986 5 297.957828081
6301 1986 6 79.2305435502
6301 1986 7 45.0204339588
6301 1986 8 34.0630943893
6301 1986 9 485.992635506
6301 1986 10 81.1699439728
6301 1986 11 256.427971948
6301 1986 12 90.3631429442
6301 1987 1 470.080163125
6301 1987 2 336.41261135
6301 1987 3 207.422489471
6301 1987 4 35.9655165106
6301 1987 5 23.9479218171
6301 1987 6 70.8649057603
6301 1987 7 13.9419641809
6301 1987 8 22.5395386198
6301 1987 9 26.6175274789
6301 1987 10 675.962094583
6301 1987 11 479.069794027
6301 1987 12 583.764072692
6301 1988 1 785.104701056
6301 1988 2 459.560236979
6301 1988 3 419.818763799
6301 1988 4 676.338793571
6301 1988 5 158.672102103
6301 1988 6 56.7740799434
6301 1988 7 32.8229046239
6301 1988 8 24.0694257512
6301 1988 9 61.3196867564
6301 1988 10 28.1522380661
6301 1988 11 243.720351926
6301 1988 12 916.076196397
6301 1989 1 254.829492751
6301 1989 2 896.312039213
6301 1989 3 332.743722471
6301 1989 4 89.3270439112
6301 1989 5 50.284508989
6301 1989 6 24.6444692079
6301 1989 7 26.3288172065
6301 1989 8 25.0130777829
6301 1989 9 76.0960771877
6301 1989 10 45.7544869427
6301 1989 11 86.7380485249
6301 1989 12 33.6331960238
6301 1990 1 502.339185409
6301 1990 2 797.051306236
6301 1990 3 120.563565297
6301 1990 4 166.166353786
6301 1990 5 297.586659812
6301 1990 6 64.1024364106
6301 1990 7 45.9080039552
6301 1990 8 29.630098833
6301 1990 9 33.8799576798
6301 1990 10 35.869863112
6301 1990 11 72.2184797726
6301 1990 12 22.7704687274
6301 1991 1 467.895344476
6301 1991 2 338.760179744
6301 1991 3 3162.00543687
6301 1991 4 1748.56763501
6301 1991 5 298.683575824
6301 1991 6 69.3481993796
6301 1991 7 38.6816821535
6301 1991 8 28.0319335022
6301 1991 9 30.0904580047
6301 1991 10 99.5979621653
6301 1991 11 36.9399550025
6301 1991 12 478.277723172
6301 1992 1 497.799380809
6301 1992 2 3129.20712273
6301 1992 3 3162.0054371
6301 1992 4 1728.104211
6301 1992 5 305.211004236
6301 1992 6 82.0420924026
6301 1992 7 119.18551827
6301 1992 8 42.7610140505
6301 1992 9 36.0467110982
6301 1992 10 352.037661613
6301 1992 11 47.6279926828
6301 1992 12 1411.42370903
6301 1993 1 7084.24153247
6301 1993 2 5577.96086112
6301 1993 3 3162.00543704
6301 1993 4 800.574661055
6301 1993 5 285.639774165
6301 1993 6 426.270480258
6301 1993 7 78.6627858883
6301 1993 8 40.0740635684
6301 1993 9 29.6825783415
6301 1993 10 31.7617424042
6301 1993 11 141.40925259
6301 1993 12 230.069111611
6301 1994 1 117.446901796
6301 1994 2 623.03008063
6301 1994 3 496.155889264
6301 1994 4 349.851825491
6301 1994 5 149.341291494
6301 1994 6 72.4583334537
6301 1994 7 43.819080913
6301 1994 8 38.0269767503
6301 1994 9 36.4339319863
6301 1994 10 140.335323273
6301 1994 11 157.292160569
6301 1994 12 235.395667475
6301 1995 1 6264.25130757
6301 1995 2 2856.00491118
6301 1995 3 4848.92818155
6301 1995 4 2191.51243148
6301 1995 5 356.001586907
6301 1995 6 362.366220412
6301 1995 7 115.568193262
6301 1995 8 58.9286222364
6301 1995 9 36.5815209507
6301 1995 10 32.2973374127
6301 1995 11 23.7951385054
6301 1995 12 189.28425285
6301 1996 1 439.34689816
6301 1996 2 1998.08650579
6301 1996 3 3162.00543767
6301 1996 4 912.793159022
6301 1996 5 285.031587574
6301 1996 6 67.1240217698
6301 1996 7 41.4515479998
6301 1996 8 29.8120727943
6301 1996 9 28.9541008084
6301 1996 10 229.254260792
6301 1996 11 599.581855665
6301 1996 12 1410.11213905
6301 1997 1 2284.84135747
6301 1997 2 899.116092396
6301 1997 3 324.863300711
6301 1997 4 70.5780449159
6301 1997 5 40.3568919146
6301 1997 6 33.3135978696
6301 1997 7 23.8592158882
6301 1997 8 23.4712034225
6301 1997 9 137.812841208
6301 1997 10 34.5846055513
6301 1997 11 437.443198908
6301 1997 12 544.104046015
6301 1998 1 608.990126464
6301 1998 2 6233.82584323
6301 1998 3 3162.00543762
6301 1998 4 2250.28049446
6301 1998 5 2698.77316678
6301 1998 6 456.294464709
6301 1998 7 202.968364951
6301 1998 8 85.4735562658
6301 1998 9 42.5981693563
6301 1998 10 31.380058659
6301 1998 11 192.367254134
6301 1998 12 80.2830813641
6301 1999 1 280.73189498
6301 1999 2 151.334257254
6301 1999 3 175.914236104
6301 1999 4 458.658727769
6301 1999 5 60.8719053924
6301 1999 6 159.332207748
6301 1999 7 36.4844081191
6301 1999 8 32.1237528655
6301 1999 9 25.9978002369
6301 1999 10 45.4395009143
6301 1999 11 117.413610223
6301 1999 12 47.7985066682
6301 2000 1 156.877698371
6301 2000 2 1646.00068881
6301 2000 3 1645.70940035
6301 2000 4 917.395196704
6301 2000 5 227.805356342
6301 2000 6 85.6472860287
6301 2000 7 45.5865044427
6301 2000 8 36.3978057136
6301 2000 9 49.9401799369
6301 2000 10 204.101616932
6301 2000 11 27.8753614988
6301 2000 12 22.3943960135
6301 2001 1 1025.84356076
6301 2001 2 1927.90048399
6301 2001 3 1457.17051518
6301 2001 4 759.21381655
6301 2001 5 176.825665932
6301 2001 6 79.4053932172
6301 2001 7 49.2183261394
6301 2001 8 31.5971245355
6301 2001 9 27.1615884355
6301 2001 10 32.8298713038
6301 2001 11 344.808071991
6301 2001 12 249.95808812
6301 2002 1 222.46156707
6301 2002 2 77.938778509
6301 2002 3 72.8886069327
6301 2002 4 14.2875796671
6301 2002 5 22.9898070148
6301 2002 6 14.8564885621
6301 2002 7 16.6150400411
6301 2002 8 18.1955587617
6301 2002 9 23.733091781
6301 2002 10 18.3942432395
6301 2002 11 553.649363786
6301 2002 12 638.022880563
6301 2003 1 47.8065569105
6301 2003 2 1532.91631402
6301 2003 3 1990.41400201
6301 2003 4 723.776668397
6301 2003 5 535.493372754
6301 2003 6 119.319267386
6301 2003 7 64.9926579564
6301 2003 8 48.7687893146
6301 2003 9 33.5795020868
6301 2003 10 71.6903691147
6301 2003 11 136.697305277
6301 2003 12 422.420998611
6301 2004 1 90.8525009849
6301 2004 2 1152.99581059
6301 2004 3 1031.7224331
6301 2004 4 205.936634424
6301 2004 5 75.01060884
6301 2004 6 31.0276303956
6301 2004 7 26.9766419956
6301 2004 8 24.6348525902
6301 2004 9 26.9600132948
6301 2004 10 1552.26365423
6301 2004 11 691.895334458
6301 2004 12 673.391461574
6301 2005 1 10068.9367245
6301 2005 2 7460.44441377
6301 2005 3 3163.38421401
6301 2005 4 1253.62138329
6301 2005 5 440.266832712
6301 2005 6 113.25217587
6301 2005 7 90.1335024607
6301 2005 8 43.943824173
6301 2005 9 67.9664341239
6301 2005 10 395.922160038
6301 2005 11 42.3389228406
6301 2005 12 147.442936265
6301 2006 1 432.432130022
6301 2006 2 364.753974427
6301 2006 3 1456.66531087
6301 2006 4 1888.34675232
6301 2006 5 446.215425104
6301 2006 6 145.987119399
6301 2006 7 81.0160440704
6301 2006 8 36.9089624633
6301 2006 9 36.4386209311
6301 2006 10 40.4790576841
6301 2006 11 33.2228255159
6301 2006 12 123.051387489
6301 2007 1 133.296710591
6301 2007 2 591.28577613
6301 2007 3 92.0703266299
6301 2007 4 243.240386592
6301 2007 5 48.0566496118
6301 2007 6 37.6116533633
6301 2007 7 42.2328178792
6301 2007 8 52.2176947434
6301 2007 9 321.281068459
6301 2007 10 123.714742988
6301 2007 11 131.673480406
6301 2007 12 573.308734098
6301 2008 1 2270.04564433
6301 2008 2 2050.77351447
6301 2008 3 490.159854417
6301 2008 4 129.160239892
6301 2008 5 344.561338219
6301 2008 6 66.3855952738
6301 2008 7 72.0970095434
6301 2008 8 50.3390696087
6301 2008 9 44.4206665657
6301 2008 10 60.2073094301
6301 2008 11 354.539034686
6301 2008 12 490.652234499
6301 2009 1 219.473966761
6301 2009 2 1405.41853988
6301 2009 3 230.044224665
6301 2009 4 108.131282964
6301 2009 5 54.0503327433
6301 2009 6 46.8805886552
6301 2009 7 47.3682457712
6301 2009 8 68.4233344617
6301 2009 9 50.1089833495
6301 2009 10 245.851489262
6301 2009 11 47.816525798
6301 2009 12 741.392313624
6301 2010 1 1408.48179812
6301 2010 2 1871.89206664
6301 2010 3 1129.85697718
6301 2010 4 730.395206693
6301 2010 5 160.147909807
6301 2010 6 61.0811466478
6301 2010 7 42.189151202
6301 2010 8 51.1318136855
6301 2010 9 52.8892051633
6301 2010 10 373.461140489
6301 2010 11 282.140006041
6301 2010 12 2646.56135555
6301 2011 1 2539.96946411
6301 2011 2 1176.04318928
6301 2011 3 1760.65557478
6301 2011 4 685.586676591
6301 2011 5 292.913170709
6301 2011 6 80.6311507877
6301 2011 7 74.6666574366
6301 2011 8 64.662295375
6301 2011 9 53.5087057902
6301 2011 10 294.830907494
6301 2011 11 233.59442803
6301 2011 12 138.148557153
6301 2012 1 207.892352692
6301 2012 2 207.933772572
6301 2012 3 462.304248241
6301 2012 4 516.563887201
6301 2012 5 0
6301 2012 6 0
6301 2012 7 0
6301 2012 8 0
6301 2012 9 0
6301 2012 10 0
6301 2012 11 0
6301 2012 12 0
