5399 1986 1 12.0588365636
5399 1986 2 84.4533295522
5399 1986 3 2559.08896399
5399 1986 4 535.856471536
5399 1986 5 279.327903542
5399 1986 6 178.65814549
5399 1986 7 116.417878412
5399 1986 8 70.405642644
5399 1986 9 69.6284752702
5399 1986 10 139.169964076
5399 1986 11 105.964871423
5399 1986 12 98.9611033265
5399 1987 1 256.747770954
5399 1987 2 185.505289552
5399 1987 3 188.130764621
5399 1987 4 132.757059625
5399 1987 5 86.1556767747
5399 1987 6 50.3303587091
5399 1987 7 33.0100998556
5399 1987 8 31.0000302174
5399 1987 9 30.0000292361
5399 1987 10 53.2020205238
5399 1987 11 194.746387326
5399 1987 12 219.939820502
5399 1988 1 300.351946008
5399 1988 2 300.317686443
5399 1988 3 316.24976432
5399 1988 4 266.617564132
5399 1988 5 256.223621481
5399 1988 6 162.636550245
5399 1988 7 102.571267795
5399 1988 8 60.7934559421
5399 1988 9 35.3951616572
5399 1988 10 31.0000302206
5399 1988 11 46.5283098473
5399 1988 12 177.109891035
5399 1989 1 293.923835608
5399 1989 2 311.608088717
5399 1989 3 278.353314434
5399 1989 4 207.292704503
5399 1989 5 140.76210913
5399 1989 6 85.2491321748
5399 1989 7 54.4495936803
5399 1989 8 34.6862240918
5399 1989 9 32.3163458854
5399 1989 10 33.9025328302
5399 1989 11 34.8979130754
5399 1989 12 39.2756581107
5399 1990 1 98.1388628538
5399 1990 2 207.818896175
5399 1990 3 274.837750874
5399 1990 4 196.969757715
5399 1990 5 161.438635608
5399 1990 6 140.039179868
5399 1990 7 90.6082480877
5399 1990 8 57.5513022695
5399 1990 9 34.4406577203
5399 1990 10 31.000030221
5399 1990 11 30.0000292423
5399 1990 12 31.0000302154
5399 1991 1 123.187055482
5399 1991 2 154.135991557
5399 1991 3 2802.17007779
5399 1991 4 981.475715115
5399 1991 5 283.588485825
5399 1991 6 175.58525896
5399 1991 7 110.623334042
5399 1991 8 65.4340178578
5399 1991 9 37.474622754
5399 1991 10 34.0022998179
5399 1991 11 35.7763115361
5399 1991 12 41.6934397122
5399 1992 1 233.626547715
5399 1992 2 2367.51421444
5399 1992 3 3433.78278719
5399 1992 4 811.22435754
5399 1992 5 282.129689297
5399 1992 6 177.221032707
5399 1992 7 122.9938632
5399 1992 8 76.7434701322
5399 1992 9 45.8014326515
5399 1992 10 43.8525221327
5399 1992 11 103.553240381
5399 1992 12 266.796623106
5399 1993 1 6890.6591655
5399 1993 2 6015.15761275
5399 1993 3 1518.00246956
5399 1993 4 471.429392016
5399 1993 5 267.583831706
5399 1993 6 215.546686008
5399 1993 7 150.996815699
5399 1993 8 91.0508555008
5399 1993 9 53.0013964676
5399 1993 10 35.1224015892
5399 1993 11 30.8870028841
5399 1993 12 68.4260444062
5399 1994 1 66.1561608223
5399 1994 2 164.84582058
5399 1994 3 223.012613125
5399 1994 4 226.354689521
5399 1994 5 201.132280666
5399 1994 6 124.179844826
5399 1994 7 82.0917875759
5399 1994 8 49.4397623681
5399 1994 9 32.1152786315
5399 1994 10 50.9377547711
5399 1994 11 48.259958567
5399 1994 12 52.6306478888
5399 1995 1 3569.00863412
5399 1995 2 1949.00297366
5399 1995 3 5748.68582005
5399 1995 4 549.997104582
5399 1995 5 290.310942427
5399 1995 6 210.073595971
5399 1995 7 165.801823497
5399 1995 8 103.125828666
5399 1995 9 61.7355814856
5399 1995 10 39.228615004
5399 1995 11 30.0000292458
5399 1995 12 38.071676697
5399 1996 1 56.3420775582
5399 1996 2 1594.75239509
5399 1996 3 1836.36516679
5399 1996 4 337.113239538
5399 1996 5 227.897933719
5399 1996 6 139.041866331
5399 1996 7 86.6400108538
5399 1996 8 51.474259123
5399 1996 9 32.0061764944
5399 1996 10 33.4607691417
5399 1996 11 99.724941377
5399 1996 12 316.481339936
5399 1997 1 1172.58497265
5399 1997 2 456.945490762
5399 1997 3 266.933633798
5399 1997 4 167.852787675
5399 1997 5 112.740622031
5399 1997 6 69.9488080806
5399 1997 7 43.9646847224
5399 1997 8 31.1657497243
5399 1997 9 30.934585198
5399 1997 10 31.6878801442
5399 1997 11 64.6251506548
5399 1997 12 223.205904736
5399 1998 1 335.758006342
5399 1998 2 4623.1823975
5399 1998 3 2044.14415971
5399 1998 4 1012.52579763
5399 1998 5 1351.12697739
5399 1998 6 333.481111759
5399 1998 7 228.891843328
5399 1998 8 149.472809097
5399 1998 9 116.360135956
5399 1998 10 73.3393904929
5399 1998 11 62.2227931175
5399 1998 12 62.995369436
5399 1999 1 55.698174108
5399 1999 2 105.85709784
5399 1999 3 92.8354360229
5399 1999 4 130.387259892
5399 1999 5 106.196514685
5399 1999 6 75.3474172288
5399 1999 7 49.1993904079
5399 1999 8 32.4352328853
5399 1999 9 30.0000292427
5399 1999 10 31.0000302096
5399 1999 11 30.0000292294
5399 1999 12 31.000030196
5399 2000 1 31.000030198
5399 2000 2 177.672130194
5399 2000 3 577.842968747
5399 2000 4 328.073994065
5399 2000 5 282.803556857
5399 2000 6 180.847602675
5399 2000 7 115.64580612
5399 2000 8 69.7770530677
5399 2000 9 44.6141027453
5399 2000 10 43.0191975892
5399 2000 11 61.3935383327
5399 2000 12 38.1689499471
5399 2001 1 143.237469933
5399 2001 2 1238.62582563
5399 2001 3 718.635009395
5399 2001 4 315.151927941
5399 2001 5 235.66942084
5399 2001 6 149.664686561
5399 2001 7 99.4979808733
5399 2001 8 61.1761582776
5399 2001 9 36.7570612407
5399 2001 10 31.00003022
5399 2001 11 46.7018396045
5399 2001 12 103.679767007
5399 2002 1 90.0168017188
5399 2002 2 80.0426828707
5399 2002 3 77.4134366264
5399 2002 4 69.02792797
5399 2002 5 49.149432856
5399 2002 6 33.2282176489
5399 2002 7 31.0000302178
5399 2002 8 31.0000302095
5399 2002 9 30.0000292271
5399 2002 10 31.0000301937
5399 2002 11 136.709662153
5399 2002 12 191.272356418
5399 2003 1 175.346927958
5399 2003 2 236.922361238
5399 2003 3 2081.42744838
5399 2003 4 432.597798569
5399 2003 5 376.571938747
5399 2003 6 238.386903166
5399 2003 7 159.913348286
5399 2003 8 97.4717251527
5399 2003 9 59.2301130104
5399 2003 10 38.4264331603
5399 2003 11 44.2733069524
5399 2003 12 61.13519389
5399 2004 1 112.567957456
5399 2004 2 170.263732716
5399 2004 3 477.699794819
5399 2004 4 255.468231269
5399 2004 5 172.144603513
5399 2004 6 102.421684754
5399 2004 7 62.6750090717
5399 2004 8 36.95920721
5399 2004 9 30.0000292446
5399 2004 10 218.872849192
5399 2004 11 370.315534113
5399 2004 12 402.596589723
5399 2005 1 8594.7040676
5399 2005 2 7107.66311495
5399 2005 3 2247.6098996
5399 2005 4 441.730527362
5399 2005 5 334.220641471
5399 2005 6 221.629944859
5399 2005 7 149.10993784
5399 2005 8 91.0395465387
5399 2005 9 62.3827282602
5399 2005 10 83.6894243062
5399 2005 11 75.7559875371
5399 2005 12 51.3705045677
5399 2006 1 108.907876015
5399 2006 2 79.9979834983
5399 2006 3 291.502822918
5399 2006 4 1515.97529514
5399 2006 5 338.889882268
5399 2006 6 223.902234053
5399 2006 7 148.67168334
5399 2006 8 90.8231854367
5399 2006 9 53.6923969138
5399 2006 10 36.5478292848
5399 2006 11 30.0000292451
5399 2006 12 32.3284210813
5399 2007 1 32.8445634749
5399 2007 2 67.5307559054
5399 2007 3 95.0171454541
5399 2007 4 74.7325242089
5399 2007 5 66.9261019759
5399 2007 6 42.7105110926
5399 2007 7 34.2633219064
5399 2007 8 31.8740105369
5399 2007 9 35.9493316028
5399 2007 10 45.237785945
5399 2007 11 33.4453935353
5399 2007 12 118.271749564
5399 2008 1 1633.96951772
5399 2008 2 1441.39725933
5399 2008 3 375.557914231
5399 2008 4 239.744782492
5399 2008 5 166.478120436
5399 2008 6 114.122983962
5399 2008 7 80.1887035067
5399 2008 8 58.9910002073
5399 2008 9 43.990440515
5399 2008 10 37.5258034299
5399 2008 11 46.827062444
5399 2008 12 156.826957661
5399 2009 1 180.002313152
5399 2009 2 652.60240438
5399 2009 3 375.008768777
5399 2009 4 225.592199638
5399 2009 5 149.332035486
5399 2009 6 90.3684747402
5399 2009 7 58.536627446
5399 2009 8 45.6224034456
5399 2009 9 38.3542076289
5399 2009 10 57.2271534499
5399 2009 11 51.2463158299
5399 2009 12 131.20639653
5399 2010 1 612.65599243
5399 2010 2 2143.05674607
5399 2010 3 1105.04161946
5399 2010 4 313.196365787
5399 2010 5 224.363358652
5399 2010 6 137.453200993
5399 2010 7 89.0476136257
5399 2010 8 60.7995764342
5399 2010 9 45.7127496017
5399 2010 10 49.3522480026
5399 2010 11 69.513456033
5399 2010 12 4083.50565568
5399 2011 1 1357.75736606
5399 2011 2 464.280486282
5399 2011 3 1607.38649785
5399 2011 4 626.884888362
5399 2011 5 276.048074174
5399 2011 6 176.580087188
5399 2011 7 114.077090326
5399 2011 8 78.3376185951
5399 2011 9 56.2730650171
5399 2011 10 87.849031871
5399 2011 11 88.8844493686
5399 2011 12 78.3676572302
5399 2012 1 70.906640746
5399 2012 2 91.7438674656
5399 2012 3 129.420411449
5399 2012 4 180.81749239
5399 2012 5 0
5399 2012 6 0
5399 2012 7 0
5399 2012 8 0
5399 2012 9 0
5399 2012 10 0
5399 2012 11 0
5399 2012 12 0
