5153 1986 1 5165.48310904
5153 1986 2 18308.0515702
5153 1986 3 28319.3181309
5153 1986 4 2275.2749259
5153 1986 5 622.764519816
5153 1986 6 441.313462894
5153 1986 7 336.972057901
5153 1986 8 291.305686187
5153 1986 9 1572.87333301
5153 1986 10 400.632659862
5153 1986 11 1123.28209502
5153 1986 12 375.376156044
5153 1987 1 2708.19336182
5153 1987 2 1182.15342919
5153 1987 3 1020.02827804
5153 1987 4 284.570135964
5153 1987 5 188.047580583
5153 1987 6 190.127333719
5153 1987 7 125.641401163
5153 1987 8 192.550269542
5153 1987 9 208.730545497
5153 1987 10 2528.07283572
5153 1987 11 1045.58393892
5153 1987 12 2396.88217891
5153 1988 1 3165.5011665
5153 1988 2 1424.10277615
5153 1988 3 485.609996926
5153 1988 4 2758.78229158
5153 1988 5 424.85983695
5153 1988 6 336.974761357
5153 1988 7 258.943007834
5153 1988 8 223.990683109
5153 1988 9 210.94772977
5153 1988 10 170.866190569
5153 1988 11 1069.05551011
5153 1988 12 4562.05005765
5153 1989 1 876.969119369
5153 1989 2 2134.00307982
5153 1989 3 1346.0475101
5153 1989 4 390.448754211
5153 1989 5 284.938971867
5153 1989 6 234.362939904
5153 1989 7 307.604633239
5153 1989 8 271.880425365
5153 1989 9 630.357485001
5153 1989 10 579.268387123
5153 1989 11 464.276510413
5153 1989 12 286.49085078
5153 1990 1 2051.66459823
5153 1990 2 5043.15584478
5153 1990 3 408.023351997
5153 1990 4 625.77902185
5153 1990 5 1450.09760449
5153 1990 6 319.916579121
5153 1990 7 415.638473847
5153 1990 8 309.654170039
5153 1990 9 394.226590779
5153 1990 10 263.54095432
5153 1990 11 380.881123012
5153 1990 12 112.067829983
5153 1991 1 2410.18076235
5153 1991 2 8518.82434078
5153 1991 3 13254.145694
5153 1991 4 4806.36496074
5153 1991 5 497.044604477
5153 1991 6 324.437153186
5153 1991 7 266.71336909
5153 1991 8 235.767581701
5153 1991 9 232.164902469
5153 1991 10 617.307788658
5153 1991 11 165.744923355
5153 1991 12 2584.24100957
5153 1992 1 2768.60725592
5153 1992 2 48366.2878854
5153 1992 3 41569.8274355
5153 1992 4 4176.74195642
5153 1992 5 577.863667422
5153 1992 6 420.197330356
5153 1992 7 482.098173003
5153 1992 8 295.029994231
5153 1992 9 257.160357511
5153 1992 10 1270.36745004
5153 1992 11 207.822867681
5153 1992 12 7848.79452413
5153 1993 1 118540.875517
5153 1993 2 99857.7108375
5153 1993 3 11255.7022928
5153 1993 4 1017.155663
5153 1993 5 603.52534003
5153 1993 6 1526.83668312
5153 1993 7 368.411972674
5153 1993 8 257.787150463
5153 1993 9 225.460439431
5153 1993 10 217.631738939
5153 1993 11 835.264974741
5153 1993 12 1159.06995725
5153 1994 1 438.660191752
5153 1994 2 3594.91099691
5153 1994 3 2639.75398705
5153 1994 4 1084.41852413
5153 1994 5 340.614547223
5153 1994 6 345.878057851
5153 1994 7 299.912803916
5153 1994 8 339.679565616
5153 1994 9 293.63637199
5153 1994 10 560.353238852
5153 1994 11 754.314618126
5153 1994 12 815.430788866
5153 1995 1 48222.4542398
5153 1995 2 18459.6287817
5153 1995 3 59594.9771212
5153 1995 4 2995.24038359
5153 1995 5 523.395910741
5153 1995 6 1608.78639797
5153 1995 7 487.455314732
5153 1995 8 367.026438915
5153 1995 9 276.647391394
5153 1995 10 204.799806855
5153 1995 11 106.163864758
5153 1995 12 1084.95968121
5153 1996 1 2807.3717516
5153 1996 2 11169.5269945
5153 1996 3 12096.8718766
5153 1996 4 883.712169267
5153 1996 5 469.017961912
5153 1996 6 314.137586651
5153 1996 7 288.509131409
5153 1996 8 266.624547015
5153 1996 9 242.577697315
5153 1996 10 1334.90195638
5153 1996 11 2922.57410764
5153 1996 12 5266.95406675
5153 1997 1 9440.07391922
5153 1997 2 717.99652005
5153 1997 3 437.510259799
5153 1997 4 343.012243121
5153 1997 5 325.107118738
5153 1997 6 224.012071114
5153 1997 7 229.222966271
5153 1997 8 236.956542948
5153 1997 9 797.088595566
5153 1997 10 215.322761163
5153 1997 11 2235.85810414
5153 1997 12 3266.75849158
5153 1998 1 5759.69549151
5153 1998 2 73724.0817233
5153 1998 3 18478.5266865
5153 1998 4 6583.10903702
5153 1998 5 14919.0359752
5153 1998 6 553.989700064
5153 1998 7 536.674030848
5153 1998 8 455.121629459
5153 1998 9 488.770915905
5153 1998 10 180.386465104
5153 1998 11 945.075369135
5153 1998 12 361.990873598
5153 1999 1 1251.59367743
5153 1999 2 796.905323154
5153 1999 3 663.901773778
5153 1999 4 1654.76158159
5153 1999 5 353.290566634
5153 1999 6 329.406754354
5153 1999 7 217.821906511
5153 1999 8 237.735694113
5153 1999 9 205.251105343
5153 1999 10 232.677239786
5153 1999 11 165.481520052
5153 1999 12 321.004025905
5153 2000 1 860.395150918
5153 2000 2 7015.23847173
5153 2000 3 3217.68163693
5153 2000 4 2393.32884834
5153 2000 5 510.226280079
5153 2000 6 367.567906913
5153 2000 7 294.616577743
5153 2000 8 284.235532336
5153 2000 9 309.494862588
5153 2000 10 1319.99176694
5153 2000 11 142.002427722
5153 2000 12 91.5394101103
5153 2001 1 4607.2539804
5153 2001 2 11129.2565372
5153 2001 3 1570.32071594
5153 2001 4 1465.68019909
5153 2001 5 547.587896335
5153 2001 6 397.328090677
5153 2001 7 343.732567104
5153 2001 8 240.692263493
5153 2001 9 174.362749426
5153 2001 10 163.548300055
5153 2001 11 1425.78820838
5153 2001 12 1245.12392683
5153 2002 1 831.211472545
5153 2002 2 366.31545649
5153 2002 3 475.952815191
5153 2002 4 165.757938543
5153 2002 5 257.021550131
5153 2002 6 143.645251797
5153 2002 7 165.462816927
5153 2002 8 170.158206849
5153 2002 9 186.61498854
5153 2002 10 304.61020061
5153 2002 11 2835.58028987
5153 2002 12 3055.21782508
5153 2003 1 255.592444384
5153 2003 2 6716.464113
5153 2003 3 14547.4872778
5153 2003 4 2267.91673132
5153 2003 5 1608.25814791
5153 2003 6 421.931693985
5153 2003 7 364.964378249
5153 2003 8 343.527003728
5153 2003 9 299.316476897
5153 2003 10 346.332369917
5153 2003 11 904.039994512
5153 2003 12 1731.94960392
5153 2004 1 492.19287963
5153 2004 2 8582.76133892
5153 2004 3 1613.94938074
5153 2004 4 778.362049149
5153 2004 5 418.819988088
5153 2004 6 241.12412064
5153 2004 7 240.9314289
5153 2004 8 245.558593993
5153 2004 9 275.315582562
5153 2004 10 9464.13934279
5153 2004 11 1554.07068913
5153 2004 12 6441.7078259
5153 2005 1 124838.011954
5153 2005 2 101384.706852
5153 2005 3 15738.0684072
5153 2005 4 1761.87557285
5153 2005 5 882.614866902
5153 2005 6 501.798014734
5153 2005 7 377.186409754
5153 2005 8 315.396806901
5153 2005 9 557.259061856
5153 2005 10 1366.27343706
5153 2005 11 252.701687842
5153 2005 12 1639.25294811
5153 2006 1 552.364471566
5153 2006 2 2457.37641366
5153 2006 3 3774.12583696
5153 2006 4 4168.35150099
5153 2006 5 817.57069136
5153 2006 6 460.500940909
5153 2006 7 406.22433475
5153 2006 8 279.867569956
5153 2006 9 284.77773519
5153 2006 10 212.272636693
5153 2006 11 193.046514948
5153 2006 12 601.842493516
5153 2007 1 282.13347983
5153 2007 2 1220.80634382
5153 2007 3 221.467477142
5153 2007 4 861.392275871
5153 2007 5 289.72402943
5153 2007 6 316.14606392
5153 2007 7 461.364320688
5153 2007 8 506.710265964
5153 2007 9 1107.4530171
5153 2007 10 642.600607551
5153 2007 11 1174.54818745
5153 2007 12 1651.8212993
5153 2008 1 14453.2465828
5153 2008 2 9941.19814575
5153 2008 3 654.659908314
5153 2008 4 495.91029722
5153 2008 5 1068.76024721
5153 2008 6 420.626643757
5153 2008 7 533.817194522
5153 2008 8 527.272585283
5153 2008 9 411.578403508
5153 2008 10 351.997602674
5153 2008 11 1608.06356129
5153 2008 12 3499.71518788
5153 2009 1 598.132299626
5153 2009 2 7592.49424082
5153 2009 3 727.378652623
5153 2009 4 528.460674955
5153 2009 5 407.42681252
5153 2009 6 262.740908277
5153 2009 7 435.547070853
5153 2009 8 484.365798697
5153 2009 9 452.309396515
5153 2009 10 1036.30212346
5153 2009 11 308.543430723
5153 2009 12 2738.12893397
5153 2010 1 9056.02729951
5153 2010 2 20935.5512465
5153 2010 3 5906.03025152
5153 2010 4 1531.16798319
5153 2010 5 514.940040802
5153 2010 6 376.734865925
5153 2010 7 398.64806109
5153 2010 8 481.375017713
5153 2010 9 411.812886456
5153 2010 10 1123.59844559
5153 2010 11 1166.12567052
5153 2010 12 36284.1383448
5153 2011 1 6165.83264435
5153 2011 2 3254.71408159
5153 2011 3 6195.65113845
5153 2011 4 1555.47516755
5153 2011 5 903.046667894
5153 2011 6 390.710644762
5153 2011 7 482.313951686
5153 2011 8 510.524448306
5153 2011 9 420.022997961
5153 2011 10 1612.24805216
5153 2011 11 1437.43471091
5153 2011 12 660.45625602
5153 2012 1 1072.68899375
5153 2012 2 776.399307191
5153 2012 3 1967.36218391
5153 2012 4 1809.56914743
5153 2012 5 0
5153 2012 6 0
5153 2012 7 0
5153 2012 8 0
5153 2012 9 0
5153 2012 10 0
5153 2012 11 0
5153 2012 12 0
