5412 1986 1 466.701962429
5412 1986 2 1925.27851317
5412 1986 3 2089.52078368
5412 1986 4 548.091376467
5412 1986 5 288.508682039
5412 1986 6 88.1636022608
5412 1986 7 9.77185833179
5412 1986 8 4.63326412565
5412 1986 9 28.8682228165
5412 1986 10 22.2557686097
5412 1986 11 15.5482184326
5412 1986 12 9.30214214709
5412 1987 1 66.0711758661
5412 1987 2 22.1237214097
5412 1987 3 39.0359254942
5412 1987 4 26.2965819156
5412 1987 5 7.41388037476
5412 1987 6 3.42757629607
5412 1987 7 2.17184497351
5412 1987 8 3.04713553475
5412 1987 9 3.09897815094
5412 1987 10 33.7217019626
5412 1987 11 172.063928367
5412 1987 12 131.038403582
5412 1988 1 311.815719412
5412 1988 2 327.807183593
5412 1988 3 504.516937641
5412 1988 4 320.828125435
5412 1988 5 311.967643409
5412 1988 6 173.83904944
5412 1988 7 13.3881232708
5412 1988 8 4.16372537924
5412 1988 9 4.63849777563
5412 1988 10 2.56949259116
5412 1988 11 11.6906913798
5412 1988 12 134.83043117
5412 1989 1 204.934457584
5412 1989 2 374.448383827
5412 1989 3 301.828397609
5412 1989 4 168.636947
5412 1989 5 34.5720272835
5412 1989 6 9.28300676822
5412 1989 7 4.52007862744
5412 1989 8 3.92325282088
5412 1989 9 5.24510773012
5412 1989 10 4.16290763762
5412 1989 11 5.28383320853
5412 1989 12 1.95808154952
5412 1990 1 32.6541400418
5412 1990 2 111.208280502
5412 1990 3 79.9788457035
5412 1990 4 46.2035524551
5412 1990 5 28.4649040854
5412 1990 6 18.4754173391
5412 1990 7 6.75703164495
5412 1990 8 3.88853518662
5412 1990 9 3.67974592063
5412 1990 10 2.59158347735
5412 1990 11 4.36576443843
5412 1990 12 1.17040551434
5412 1991 1 27.1368821719
5412 1991 2 127.800228439
5412 1991 3 2027.31904086
5412 1991 4 754.568143765
5412 1991 5 298.486440392
5412 1991 6 119.764897022
5412 1991 7 9.99700986933
5412 1991 8 3.86778233741
5412 1991 9 3.32385700121
5412 1991 10 7.96654647167
5412 1991 11 2.63072914932
5412 1991 12 15.5566199683
5412 1992 1 112.12242842
5412 1992 2 1742.66446168
5412 1992 3 2473.49089502
5412 1992 4 654.363043572
5412 1992 5 297.096900815
5412 1992 6 129.734931893
5412 1992 7 14.948775663
5412 1992 8 6.19336555871
5412 1992 9 3.51410973278
5412 1992 10 19.3484490911
5412 1992 11 12.8970856768
5412 1992 12 188.401876761
5412 1993 1 3188.37239302
5412 1993 2 4018.48069597
5412 1993 3 1092.70792426
5412 1993 4 459.085486943
5412 1993 5 264.408635376
5412 1993 6 110.789581947
5412 1993 7 28.9342064073
5412 1993 8 7.64128327262
5412 1993 9 3.51577655741
5412 1993 10 4.85655493735
5412 1993 11 6.40196640899
5412 1993 12 10.6172637456
5412 1994 1 8.21197596808
5412 1994 2 85.6930771973
5412 1994 3 131.666675485
5412 1994 4 101.574297496
5412 1994 5 81.9273207352
5412 1994 6 23.3320032507
5412 1994 7 7.53890377308
5412 1994 8 4.28178575587
5412 1994 9 3.76031620499
5412 1994 10 6.99980598155
5412 1994 11 6.53891653947
5412 1994 12 6.70429506899
5412 1995 1 2790.34303288
5412 1995 2 1692.60282537
5412 1995 3 4203.89321666
5412 1995 4 559.454513348
5412 1995 5 298.298091923
5412 1995 6 155.94205003
5412 1995 7 40.1262883209
5412 1995 8 11.1066447655
5412 1995 9 4.19064125848
5412 1995 10 2.44636348025
5412 1995 11 1.10677295393
5412 1995 12 4.96457929159
5412 1996 1 23.2414110591
5412 1996 2 1188.93557829
5412 1996 3 1504.69656659
5412 1996 4 373.442511261
5412 1996 5 256.469828216
5412 1996 6 30.6193870096
5412 1996 7 6.4926055203
5412 1996 8 4.11522410905
5412 1996 9 3.60790093276
5412 1996 10 6.79353870291
5412 1996 11 39.0648862279
5412 1996 12 157.803136766
5412 1997 1 547.206262226
5412 1997 2 362.370355878
5412 1997 3 222.394621744
5412 1997 4 24.2913704546
5412 1997 5 8.99726404817
5412 1997 6 5.02203337557
5412 1997 7 3.648577978
5412 1997 8 3.63909470631
5412 1997 9 7.16908450404
5412 1997 10 3.37416902727
5412 1997 11 18.5963688927
5412 1997 12 72.6286607166
5412 1998 1 139.307335796
5412 1998 2 2894.38466488
5412 1998 3 1360.07933936
5412 1998 4 815.087465048
5412 1998 5 1240.53954197
5412 1998 6 317.372847449
5412 1998 7 185.199313635
5412 1998 8 17.4733922073
5412 1998 9 6.23575933603
5412 1998 10 2.39227776809
5412 1998 11 5.18228640433
5412 1998 12 3.75134868264
5412 1999 1 11.391873597
5412 1999 2 23.7266421903
5412 1999 3 11.5036304172
5412 1999 4 33.8236516475
5412 1999 5 13.4724050531
5412 1999 6 8.29845459607
5412 1999 7 5.08202742799
5412 1999 8 4.45378035903
5412 1999 9 3.38472514967
5412 1999 10 2.82783142604
5412 1999 11 1.58253413056
5412 1999 12 1.79084870755
5412 2000 1 4.78271766029
5412 2000 2 200.395069144
5412 2000 3 308.700745848
5412 2000 4 150.39609781
5412 2000 5 74.012002233
5412 2000 6 19.4804625021
5412 2000 7 6.88865330859
5412 2000 8 5.16008352575
5412 2000 9 4.87430532829
5412 2000 10 7.0337147488
5412 2000 11 1.97182946521
5412 2000 12 1.25915999003
5412 2001 1 62.7230325843
5412 2001 2 1219.73138888
5412 2001 3 656.114327234
5412 2001 4 325.904163722
5412 2001 5 167.841427109
5412 2001 6 17.9813770379
5412 2001 7 6.89755860836
5412 2001 8 4.35674468115
5412 2001 9 3.31499215667
5412 2001 10 2.4607122108
5412 2001 11 9.88548861306
5412 2001 12 14.5752028583
5412 2002 1 16.68042991
5412 2002 2 13.5489418304
5412 2002 3 18.178122871
5412 2002 4 7.69414211232
5412 2002 5 6.23022373254
5412 2002 6 4.09642778503
5412 2002 7 3.74051256583
5412 2002 8 3.48104229316
5412 2002 9 3.27235660577
5412 2002 10 1.83196353987
5412 2002 11 72.2968365834
5412 2002 12 97.5331878373
5412 2003 1 56.6270425346
5412 2003 2 274.595789863
5412 2003 3 1538.0458456
5412 2003 4 471.488493803
5412 2003 5 371.136148796
5412 2003 6 240.286545938
5412 2003 7 25.0075366331
5412 2003 8 6.98200013014
5412 2003 9 4.32379881179
5412 2003 10 3.44382937867
5412 2003 11 2.26237231515
5412 2003 12 20.2174017687
5412 2004 1 16.8899796122
5412 2004 2 148.092345783
5412 2004 3 421.75267839
5412 2004 4 263.380710938
5412 2004 5 72.7055743657
5412 2004 6 7.85307932282
5412 2004 7 3.92839217823
5412 2004 8 3.83711012873
5412 2004 9 3.32796576849
5412 2004 10 159.150496508
5412 2004 11 284.552585262
5412 2004 12 379.64082285
5412 2005 1 5981.22904124
5412 2005 2 5139.6097776
5412 2005 3 1597.27209198
5412 2005 4 503.286311156
5412 2005 5 365.911797025
5412 2005 6 230.724575433
5412 2005 7 24.202610052
5412 2005 8 7.88986332382
5412 2005 9 5.89966599812
5412 2005 10 12.5476523762
5412 2005 11 3.74989722988
5412 2005 12 6.90435558697
5412 2006 1 27.231228835
5412 2006 2 30.814000266
5412 2006 3 333.469436329
5412 2006 4 1082.33706573
5412 2006 5 356.9687474
5412 2006 6 224.859223163
5412 2006 7 22.368006803
5412 2006 8 6.46491488756
5412 2006 9 4.45923567712
5412 2006 10 2.3465655217
5412 2006 11 2.2765802914
5412 2006 12 3.82142299829
5412 2007 1 3.32054866319
5412 2007 2 18.0314997933
5412 2007 3 21.6513396645
5412 2007 4 13.9156536532
5412 2007 5 8.15393177311
5412 2007 6 6.02981006693
5412 2007 7 8.13585803137
5412 2007 8 8.60533493491
5412 2007 9 8.24812630267
5412 2007 10 4.7651237287
5412 2007 11 4.07761599403
5412 2007 12 51.2341637219
5412 2008 1 2305.15910998
5412 2008 2 1087.62146968
5412 2008 3 464.088677675
5412 2008 4 252.347717028
5412 2008 5 75.1148754855
5412 2008 6 29.1492185965
5412 2008 7 12.1335553068
5412 2008 8 7.88539610756
5412 2008 9 6.17587125805
5412 2008 10 5.27185748009
5412 2008 11 9.60094065904
5412 2008 12 87.5446536768
5412 2009 1 113.837443732
5412 2009 2 711.947847788
5412 2009 3 437.808864166
5412 2009 4 259.351808552
5412 2009 5 92.8147826909
5412 2009 6 8.22674287426
5412 2009 7 7.76077468639
5412 2009 8 8.49245370538
5412 2009 9 8.5662267936
5412 2009 10 13.5491868939
5412 2009 11 7.28111481494
5412 2009 12 211.897567138
5412 2010 1 1099.7761567
5412 2010 2 1869.09117964
5412 2010 3 982.002167426
5412 2010 4 419.98726124
5412 2010 5 292.42019025
5412 2010 6 123.020837893
5412 2010 7 11.8771336471
5412 2010 8 8.84518432196
5412 2010 9 6.43874267257
5412 2010 10 3.89629987869
5412 2010 11 11.8459553282
5412 2010 12 3406.49277728
5412 2011 1 1114.81658621
5412 2011 2 660.241155648
5412 2011 3 1562.28020976
5412 2011 4 597.177723146
5412 2011 5 284.122286465
5412 2011 6 110.890575637
5412 2011 7 14.1016053033
5412 2011 8 9.54600368215
5412 2011 9 7.24734090055
5412 2011 10 14.1273972469
5412 2011 11 12.5323476479
5412 2011 12 8.50084088904
5412 2012 1 13.2244128467
5412 2012 2 21.2042758798
5412 2012 3 96.6797892612
5412 2012 4 238.697740721
5412 2012 5 0
5412 2012 6 0
5412 2012 7 0
5412 2012 8 0
5412 2012 9 0
5412 2012 10 0
5412 2012 11 0
5412 2012 12 0
