5158 1986 1 4438.8141743
5158 1986 2 8641.02928314
5158 1986 3 8897.48573081
5158 1986 4 1395.70174081
5158 1986 5 603.636488917
5158 1986 6 427.335296446
5158 1986 7 326.488964797
5158 1986 8 282.425197021
5158 1986 9 1483.3801294
5158 1986 10 381.69994563
5158 1986 11 1075.27926956
5158 1986 12 355.935052446
5158 1987 1 2608.65922442
5158 1987 2 1117.43190904
5158 1987 3 976.547031077
5158 1987 4 278.527791543
5158 1987 5 183.230545104
5158 1987 6 185.91676631
5158 1987 7 122.136435784
5158 1987 8 187.725901063
5158 1987 9 202.032056584
5158 1987 10 2372.19393194
5158 1987 11 1004.35862026
5158 1987 12 2293.44072332
5158 1988 1 2975.0618668
5158 1988 2 1368.38319688
5158 1988 3 467.664518282
5158 1988 4 2612.18057489
5158 1988 5 412.866243725
5158 1988 6 327.3691419
5158 1988 7 251.325026797
5158 1988 8 217.261896579
5158 1988 9 203.768244441
5158 1988 10 162.77249716
5158 1988 11 1026.52879681
5158 1988 12 4274.61592161
5158 1989 1 844.023190702
5158 1989 2 2050.62715536
5158 1989 3 1300.08799782
5158 1989 4 380.895034846
5158 1989 5 278.86352708
5158 1989 6 229.157959091
5158 1989 7 301.347766822
5158 1989 8 265.306692255
5158 1989 9 608.734373752
5158 1989 10 559.685269078
5158 1989 11 440.808961834
5158 1989 12 263.725555027
5158 1990 1 1973.51846947
5158 1990 2 4099.38449679
5158 1990 3 397.638497372
5158 1990 4 600.441028402
5158 1990 5 1372.01888059
5158 1990 6 310.337792443
5158 1990 7 405.25076309
5158 1990 8 301.620724255
5158 1990 9 385.094383157
5158 1990 10 253.129283665
5158 1990 11 366.975741077
5158 1990 12 104.744604304
5158 1991 1 2288.46478177
5158 1991 2 5783.84206895
5158 1991 3 7619.27409322
5158 1991 4 754.984448927
5158 1991 5 481.421896882
5158 1991 6 314.041485102
5158 1991 7 258.434635806
5158 1991 8 228.571744194
5158 1991 9 224.50724672
5158 1991 10 583.508479147
5158 1991 11 154.251769547
5158 1991 12 2444.32055822
5158 1992 1 2570.52796275
5158 1992 2 10612.4483335
5158 1992 3 8807.68213399
5158 1992 4 813.207347057
5158 1992 5 559.201436661
5158 1992 6 405.727247295
5158 1992 7 461.528396043
5158 1992 8 285.232953992
5158 1992 9 247.471176415
5158 1992 10 1210.92477416
5158 1992 11 196.18086838
5158 1992 12 6717.55333043
5158 1993 1 22467.7946901
5158 1993 2 14427.1309801
5158 1993 3 3198.04783006
5158 1993 4 773.612886109
5158 1993 5 587.665937079
5158 1993 6 1479.10635229
5158 1993 7 359.029145685
5158 1993 8 251.020465885
5158 1993 9 218.465058185
5158 1993 10 200.237071427
5158 1993 11 781.397924522
5158 1993 12 1104.0409551
5158 1994 1 409.279099841
5158 1994 2 3423.30696362
5158 1994 3 2506.14863169
5158 1994 4 1047.89652578
5158 1994 5 331.07940404
5158 1994 6 335.103800972
5158 1994 7 290.860234842
5158 1994 8 330.631164507
5158 1994 9 283.694017429
5158 1994 10 540.635011281
5158 1994 11 711.060880131
5158 1994 12 763.265644278
5158 1995 1 15942.4938163
5158 1995 2 2408.55306313
5158 1995 3 13296.3952167
5158 1995 4 1575.63293671
5158 1995 5 508.313194266
5158 1995 6 1546.78680164
5158 1995 7 472.2422516
5158 1995 8 355.157869145
5158 1995 9 266.984324388
5158 1995 10 195.363584967
5158 1995 11 98.9260670493
5158 1995 12 1020.5341948
5158 1996 1 2581.4975478
5158 1996 2 6498.6993623
5158 1996 3 3563.25240291
5158 1996 4 838.029008844
5158 1996 5 451.690069874
5158 1996 6 303.448880623
5158 1996 7 279.16604989
5158 1996 8 258.863154289
5158 1996 9 234.067329884
5158 1996 10 1242.67604946
5158 1996 11 2648.83697543
5158 1996 12 4849.53555237
5158 1997 1 8325.05585218
5158 1997 2 693.495044085
5158 1997 3 418.336566524
5158 1997 4 332.769373022
5158 1997 5 316.509090965
5158 1997 6 218.34086983
5158 1997 7 222.932490705
5158 1997 8 230.762966699
5158 1997 9 754.832495496
5158 1997 10 204.983059443
5158 1997 11 2109.22222158
5158 1997 12 3069.93444721
5158 1998 1 5252.23499885
5158 1998 2 24221.4877527
5158 1998 3 6047.78888013
5158 1998 4 1428.92981716
5158 1998 5 2685.88151824
5158 1998 6 524.488320532
5158 1998 7 519.669744076
5158 1998 8 445.410516307
5158 1998 9 475.486460613
5158 1998 10 171.860640044
5158 1998 11 901.595929098
5158 1998 12 344.669499931
5158 1999 1 1203.10752945
5158 1999 2 759.93237623
5158 1999 3 632.871744422
5158 1999 4 1570.57554417
5158 1999 5 328.449250769
5158 1999 6 312.570084979
5158 1999 7 210.32033739
5158 1999 8 230.11602906
5158 1999 9 197.877819995
5158 1999 10 219.817041811
5158 1999 11 153.831448196
5158 1999 12 298.69851975
5158 2000 1 817.588183003
5158 2000 2 6042.96310965
5158 2000 3 2937.98547534
5158 2000 4 2183.32468601
5158 2000 5 494.063059404
5158 2000 6 353.561997465
5158 2000 7 284.491355438
5158 2000 8 274.206580346
5158 2000 9 295.88047815
5158 2000 10 1235.53381941
5158 2000 11 132.717862144
5158 2000 12 83.994077577
5158 2001 1 4018.90548038
5158 2001 2 8731.94875753
5158 2001 3 1522.78258524
5158 2001 4 1387.51407756
5158 2001 5 533.070823587
5158 2001 6 385.888358131
5158 2001 7 333.670239422
5158 2001 8 232.998541064
5158 2001 9 166.895338575
5158 2001 10 154.335586318
5158 2001 11 1339.77042863
5158 2001 12 1159.47275137
5158 2002 1 793.343828184
5158 2002 2 344.373561783
5158 2002 3 459.839417282
5158 2002 4 162.154375925
5158 2002 5 243.270042291
5158 2002 6 139.581736453
5158 2002 7 160.65415467
5158 2002 8 164.711363713
5158 2002 9 179.533733989
5158 2002 10 269.29952253
5158 2002 11 2698.0233095
5158 2002 12 2894.95076495
5158 2003 1 244.546785854
5158 2003 2 5488.84936257
5158 2003 3 6907.94531782
5158 2003 4 1976.88749342
5158 2003 5 1566.98092874
5158 2003 6 409.92119819
5158 2003 7 353.701724989
5158 2003 8 333.462831439
5158 2003 9 290.046080699
5158 2003 10 325.908424537
5158 2003 11 839.543733433
5158 2003 12 1658.30098838
5158 2004 1 458.157458336
5158 2004 2 7523.72531687
5158 2004 3 1422.07099493
5158 2004 4 720.6337138
5158 2004 5 402.707848268
5158 2004 6 233.245808953
5158 2004 7 233.447414657
5158 2004 8 238.412085494
5158 2004 9 267.986972499
5158 2004 10 7692.76374471
5158 2004 11 1515.26532821
5158 2004 12 4877.61995777
5158 2005 1 14980.1423834
5158 2005 2 14979.202563
5158 2005 3 3205.94644861
5158 2005 4 1494.58811911
5158 2005 5 856.222984661
5158 2005 6 488.740557242
5158 2005 7 365.290156496
5158 2005 8 306.281991262
5158 2005 9 538.14454142
5158 2005 10 1289.60686629
5158 2005 11 230.556015586
5158 2005 12 1509.80454848
5158 2006 1 520.976819732
5158 2006 2 2255.43998482
5158 2006 3 3594.75411721
5158 2006 4 3485.27928159
5158 2006 5 787.709296184
5158 2006 6 443.113073666
5158 2006 7 391.50766775
5158 2006 8 271.002020074
5158 2006 9 275.009570516
5158 2006 10 199.517159482
5158 2006 11 183.760117591
5158 2006 12 561.858294047
5158 2007 1 271.121239134
5158 2007 2 1163.8277804
5158 2007 3 214.836798981
5158 2007 4 828.957711159
5158 2007 5 281.591296613
5158 2007 6 308.106704505
5158 2007 7 451.026376051
5158 2007 8 492.789400989
5158 2007 9 1052.8359412
5158 2007 10 607.588990968
5158 2007 11 1122.61420062
5158 2007 12 1562.11409935
5158 2008 1 7906.94183141
5158 2008 2 2042.45225548
5158 2008 3 628.899445399
5158 2008 4 479.145239811
5158 2008 5 969.244011748
5158 2008 6 405.241460466
5158 2008 7 518.297874726
5158 2008 8 512.936117971
5158 2008 9 398.962657863
5158 2008 10 335.157246211
5158 2008 11 1503.87972917
5158 2008 12 3200.89840429
5158 2009 1 564.731564904
5158 2009 2 6650.6855876
5158 2009 3 694.563571796
5158 2009 4 509.529347156
5158 2009 5 394.027623373
5158 2009 6 255.410908298
5158 2009 7 423.192409332
5158 2009 8 469.722372795
5158 2009 9 439.060554781
5158 2009 10 973.712291083
5158 2009 11 294.7750785
5158 2009 12 2559.63907403
5158 2010 1 6710.48218092
5158 2010 2 6400.89114314
5158 2010 3 1307.64073115
5158 2010 4 1454.85191169
5158 2010 5 496.357024906
5158 2010 6 365.233928818
5158 2010 7 388.534552194
5158 2010 8 467.579738936
5158 2010 9 397.432036733
5158 2010 10 1092.68690564
5158 2010 11 1111.76724793
5158 2010 12 14339.3778198
5158 2011 1 1551.36085028
5158 2011 2 3085.67932674
5158 2011 3 4126.47931024
5158 2011 4 769.974440466
5158 2011 5 865.44243865
5158 2011 6 375.223334017
5158 2011 7 463.968508838
5158 2011 8 492.915018697
5158 2011 9 404.8331956
5158 2011 10 1497.12656376
5158 2011 11 1357.61562596
5158 2011 12 614.759628114
5158 2012 1 1022.13388846
5158 2012 2 736.037277601
5158 2012 3 1871.11835196
5158 2012 4 1712.37223702
5158 2012 5 0
5158 2012 6 0
5158 2012 7 0
5158 2012 8 0
5158 2012 9 0
5158 2012 10 0
5158 2012 11 0
5158 2012 12 0
