5226 1986 1 4805.05739181
5226 1986 2 14676.3789418
5226 1986 3 27457.1756613
5226 1986 4 7192.89796333
5226 1986 5 545.424680612
5226 1986 6 324.033593697
5226 1986 7 205.190131244
5226 1986 8 139.294791177
5226 1986 9 1241.08471579
5226 1986 10 355.019651786
5226 1986 11 839.741161124
5226 1986 12 284.392068831
5226 1987 1 1965.7114396
5226 1987 2 1041.64531194
5226 1987 3 794.595219352
5226 1987 4 192.126756976
5226 1987 5 105.248434848
5226 1987 6 119.155626443
5226 1987 7 52.5230608388
5226 1987 8 75.1185047881
5226 1987 9 93.0060594672
5226 1987 10 2112.64006625
5226 1987 11 1106.77741926
5226 1987 12 1748.2650233
5226 1988 1 2289.45557963
5226 1988 2 1160.23905248
5226 1988 3 725.752167538
5226 1988 4 2123.49466017
5226 1988 5 762.025134974
5226 1988 6 247.411406351
5226 1988 7 144.746403973
5226 1988 8 95.2407493881
5226 1988 9 119.571609233
5226 1988 10 83.0517621664
5226 1988 11 689.034307783
5226 1988 12 3210.40288113
5226 1989 1 845.899386143
5226 1989 2 1654.61823031
5226 1989 3 1050.50043792
5226 1989 4 321.453790475
5226 1989 5 193.685067641
5226 1989 6 118.973514691
5226 1989 7 130.759138182
5226 1989 8 113.572750465
5226 1989 9 300.132885199
5226 1989 10 253.399524114
5226 1989 11 303.104122603
5226 1989 12 172.01659995
5226 1990 1 1352.21415755
5226 1990 2 3075.99812697
5226 1990 3 453.857567467
5226 1990 4 606.635058278
5226 1990 5 1043.63394839
5226 1990 6 227.845490132
5226 1990 7 222.577825481
5226 1990 8 143.407027769
5226 1990 9 160.757750123
5226 1990 10 126.041735292
5226 1990 11 197.42216788
5226 1990 12 82.4857338298
5226 1991 1 1734.39918848
5226 1991 2 3441.93201829
5226 1991 3 12386.2993038
5226 1991 4 11344.8429218
5226 1991 5 1085.51265913
5226 1991 6 257.837826983
5226 1991 7 159.007303527
5226 1991 8 107.407184663
5226 1991 9 100.996266427
5226 1991 10 427.534750777
5226 1991 11 97.0832997161
5226 1991 12 1731.41786154
5226 1992 1 2127.26556517
5226 1992 2 43788.3820606
5226 1992 3 40750.8319206
5226 1992 4 10659.9736941
5226 1992 5 1116.67315417
5226 1992 6 313.39871669
5226 1992 7 477.435179209
5226 1992 8 156.335664758
5226 1992 9 123.36681085
5226 1992 10 971.535140309
5226 1992 11 152.54770569
5226 1992 12 4694.19908242
5226 1993 1 103580.680673
5226 1993 2 92686.8481762
5226 1993 3 16705.5356277
5226 1993 4 6206.30325388
5226 1993 5 508.783331164
5226 1993 6 1010.21200787
5226 1993 7 245.201611738
5226 1993 8 135.883661542
5226 1993 9 100.107681706
5226 1993 10 108.254995972
5226 1993 11 454.272084571
5226 1993 12 964.041906153
5226 1994 1 303.28421071
5226 1994 2 2264.99071802
5226 1994 3 1790.463614
5226 1994 4 911.447067027
5226 1994 5 263.369734512
5226 1994 6 221.667701479
5226 1994 7 152.309940761
5226 1994 8 151.387270972
5226 1994 9 137.029510876
5226 1994 10 468.968912588
5226 1994 11 503.756721716
5226 1994 12 661.584410802
5226 1995 1 39199.7004782
5226 1995 2 23553.5711769
5226 1995 3 53856.7085979
5226 1995 4 8655.37956567
5226 1995 5 726.116478938
5226 1995 6 1104.25924229
5226 1995 7 330.471598734
5226 1995 8 208.886312226
5226 1995 9 131.95150578
5226 1995 10 98.874060426
5226 1995 11 57.922150115
5226 1995 12 619.314705944
5226 1996 1 1453.08337545
5226 1996 2 8683.95991557
5226 1996 3 17069.7915694
5226 1996 4 3645.16524233
5226 1996 5 399.07247407
5226 1996 6 221.222683058
5226 1996 7 154.00171438
5226 1996 8 119.430698716
5226 1996 9 110.974251058
5226 1996 10 822.111184601
5226 1996 11 1901.08242055
5226 1996 12 3595.44216927
5226 1997 1 6870.42380038
5226 1997 2 4862.71290151
5226 1997 3 558.012577914
5226 1997 4 258.829491169
5226 1997 5 186.541270805
5226 1997 6 99.802277244
5226 1997 7 96.1220029939
5226 1997 8 99.810610498
5226 1997 9 557.919102237
5226 1997 10 103.369654512
5226 1997 11 1387.87098143
5226 1997 12 1948.33129891
5226 1998 1 3565.94140561
5226 1998 2 56068.8616277
5226 1998 3 20687.7418671
5226 1998 4 13174.2167204
5226 1998 5 20384.7042837
5226 1998 6 3732.65228525
5226 1998 7 479.220461859
5226 1998 8 303.499436712
5226 1998 9 329.646217513
5226 1998 10 94.0281460348
5226 1998 11 665.630734039
5226 1998 12 181.920537639
5226 1999 1 803.275599871
5226 1999 2 520.276503505
5226 1999 3 484.396460642
5226 1999 4 1154.2303029
5226 1999 5 223.202787162
5226 1999 6 403.795740214
5226 1999 7 105.967066958
5226 1999 8 109.274032014
5226 1999 9 93.0359368442
5226 1999 10 125.995141743
5226 1999 11 93.2487133576
5226 1999 12 282.364001811
5226 2000 1 474.466001868
5226 2000 2 4941.45876926
5226 2000 3 2928.96865505
5226 2000 4 2070.52158835
5226 2000 5 482.823927494
5226 2000 6 302.237212422
5226 2000 7 184.92301491
5226 2000 8 138.931281429
5226 2000 9 163.878789386
5226 2000 10 836.804340193
5226 2000 11 71.8956693108
5226 2000 12 51.9403931953
5226 2001 1 2695.30900073
5226 2001 2 6706.61452111
5226 2001 3 2167.89305396
5226 2001 4 1363.42010593
5226 2001 5 404.280722635
5226 2001 6 277.648610984
5226 2001 7 182.970659239
5226 2001 8 109.951754694
5226 2001 9 78.9822254202
5226 2001 10 88.6382796499
5226 2001 11 1323.32890876
5226 2001 12 990.184841709
5226 2002 1 694.53079756
5226 2002 2 285.415917157
5226 2002 3 271.258766559
5226 2002 4 60.1220931012
5226 2002 5 151.303280265
5226 2002 6 63.2059191732
5226 2002 7 70.6435187725
5226 2002 8 73.2122636007
5226 2002 9 86.2748645641
5226 2002 10 190.384619567
5226 2002 11 1769.40802769
5226 2002 12 2001.53529519
5226 2003 1 263.807651854
5226 2003 2 4430.10005564
5226 2003 3 12786.8276959
5226 2003 4 6632.58337379
5226 2003 5 1978.99127611
5226 2003 6 409.946143236
5226 2003 7 261.74711054
5226 2003 8 190.341729917
5226 2003 9 137.76612247
5226 2003 10 206.129744773
5226 2003 11 384.741153203
5226 2003 12 1198.18921949
5226 2004 1 265.933559056
5226 2004 2 4351.98175111
5226 2004 3 2155.44140302
5226 2004 4 526.615298025
5226 2004 5 287.996440853
5226 2004 6 134.061460288
5226 2004 7 103.852029704
5226 2004 8 100.534255004
5226 2004 9 118.311756826
5226 2004 10 6121.9930772
5226 2004 11 1465.97522399
5226 2004 12 3420.80284633
5226 2005 1 117601.060443
5226 2005 2 94046.6762727
5226 2005 3 20965.0168346
5226 2005 4 6131.59793872
5226 2005 5 783.678883402
5226 2005 6 401.199767747
5226 2005 7 267.935947758
5226 2005 8 171.531484451
5226 2005 9 297.617143141
5226 2005 10 1075.93530516
5226 2005 11 140.734741538
5226 2005 12 737.183851485
5226 2006 1 835.219770621
5226 2006 2 1450.45194948
5226 2006 3 3342.78917298
5226 2006 4 6167.93379932
5226 2006 5 1280.31550184
5226 2006 6 386.473882966
5226 2006 7 279.731463908
5226 2006 8 148.689472991
5226 2006 9 133.671251142
5226 2006 10 110.192547672
5226 2006 11 115.032868474
5226 2006 12 365.918586485
5226 2007 1 190.377651382
5226 2007 2 980.919355138
5226 2007 3 116.676686768
5226 2007 4 633.014185722
5226 2007 5 139.954138848
5226 2007 6 144.130184106
5226 2007 7 198.92786761
5226 2007 8 227.830880131
5226 2007 9 650.658808167
5226 2007 10 432.222831656
5226 2007 11 412.444351267
5226 2007 12 1544.05057852
5226 2008 1 11683.0942651
5226 2008 2 15951.3617557
5226 2008 3 3782.50576094
5226 2008 4 428.821724787
5226 2008 5 1176.86373115
5226 2008 6 279.100734757
5226 2008 7 322.456434119
5226 2008 8 253.891880449
5226 2008 9 196.336575465
5226 2008 10 191.419157798
5226 2008 11 1213.97589388
5226 2008 12 2319.98951009
5226 2009 1 543.217934398
5226 2009 2 5383.9388952
5226 2009 3 894.491747822
5226 2009 4 455.418662338
5226 2009 5 283.503629999
5226 2009 6 143.955768054
5226 2009 7 210.73819675
5226 2009 8 233.087086999
5226 2009 9 210.40026704
5226 2009 10 701.309161448
5226 2009 11 126.680169111
5226 2009 12 2146.91745286
5226 2010 1 5584.25375429
5226 2010 2 21287.871952
5226 2010 3 12522.2085015
5226 2010 4 2183.03646851
5226 2010 5 424.298912556
5226 2010 6 251.404300059
5226 2010 7 207.572337062
5226 2010 8 231.425697688
5226 2010 9 200.530659876
5226 2010 10 1154.28142161
5226 2010 11 786.992457964
5226 2010 12 25622.2112218
5226 2011 1 12621.2693897
5226 2011 2 3810.35359523
5226 2011 3 9338.3675384
5226 2011 4 7218.72428376
5226 2011 5 715.63581098
5226 2011 6 315.711635288
5226 2011 7 296.290842579
5226 2011 8 267.719498475
5226 2011 9 205.493886733
5226 2011 10 1176.57420295
5226 2011 11 964.335187645
5226 2011 12 474.845951427
5226 2012 1 668.434534047
5226 2012 2 513.47977426
5226 2012 3 1427.65573478
5226 2012 4 1436.16021592
5226 2012 5 0
5226 2012 6 0
5226 2012 7 0
5226 2012 8 0
5226 2012 9 0
5226 2012 10 0
5226 2012 11 0
5226 2012 12 0
