5142 1986 1 39515019.0423
5142 1986 2 9890.1736285
5142 1986 3 13176.0345048
5142 1986 4 1913.93569243
5142 1986 5 1070.28556765
5142 1986 6 778.693855781
5142 1986 7 649.052712766
5142 1986 8 555.240098749
5142 1986 9 1210.72569569
5142 1986 10 753.490360711
5142 1986 11 880.570480528
5142 1986 12 550.228093044
5142 1987 1 1444.55754539
5142 1987 2 1424.75187362
5142 1987 3 1106.26071303
5142 1987 4 522.421610236
5142 1987 5 365.282228983
5142 1987 6 395.744179363
5142 1987 7 342.92270674
5142 1987 8 412.984977383
5142 1987 9 435.67159894
5142 1987 10 2040.07894116
5142 1987 11 1339.52260533
5142 1987 12 2038.50043132
5142 1988 1 2619.44177485
5142 1988 2 1556.65248506
5142 1988 3 917.574081249
5142 1988 4 2342.89864597
5142 1988 5 784.613608399
5142 1988 6 626.710997508
5142 1988 7 506.813571233
5142 1988 8 439.681501888
5142 1988 9 455.310490193
5142 1988 10 352.706155512
5142 1988 11 1046.4063538
5142 1988 12 3643.94522286
5142 1989 1 1013.61677479
5142 1989 2 1858.81102902
5142 1989 3 1316.32678811
5142 1989 4 657.532038114
5142 1989 5 497.328658664
5142 1989 6 417.934342879
5142 1989 7 539.936981818
5142 1989 8 501.990618509
5142 1989 9 859.954149369
5142 1989 10 741.276159317
5142 1989 11 687.226113974
5142 1989 12 473.414202796
5142 1990 1 1881.77487231
5142 1990 2 3563.39048224
5142 1990 3 748.64124773
5142 1990 4 978.55823585
5142 1990 5 1252.48306792
5142 1990 6 641.06872864
5142 1990 7 765.715989162
5142 1990 8 580.383593223
5142 1990 9 649.447029946
5142 1990 10 512.072710294
5142 1990 11 662.707872815
5142 1990 12 287.856444974
5142 1991 1 1899.97502266
5142 1991 2 3975.42957611
5142 1991 3 9256.4161927
5142 1991 4 4406.3759946
5142 1991 5 914.123445551
5142 1991 6 609.723863421
5142 1991 7 521.399557605
5142 1991 8 450.367853879
5142 1991 9 452.451213797
5142 1991 10 851.176173783
5142 1991 11 407.288171417
5142 1991 12 2202.79348302
5142 1992 1 2021.48314174
5142 1992 2 20875.9626337
5142 1992 3 17227.3685594
5142 1992 4 4149.08226428
5142 1992 5 1018.73388897
5142 1992 6 768.389035135
5142 1992 7 834.47173444
5142 1992 8 580.821176954
5142 1992 9 509.283844689
5142 1992 10 1220.82316473
5142 1992 11 448.522684838
5142 1992 12 5801.75964228
5142 1993 1 41876.235362
5142 1993 2 33839.1339532
5142 1993 3 8556.03615683
5142 1993 4 1679.11566445
5142 1993 5 1068.9105791
5142 1993 6 1401.49284293
5142 1993 7 687.768351766
5142 1993 8 492.986256024
5142 1993 9 435.79136911
5142 1993 10 452.729824091
5142 1993 11 867.466397583
5142 1993 12 1155.8424688
5142 1994 1 615.441031251
5142 1994 2 2582.80346786
5142 1994 3 1981.2080369
5142 1994 4 1191.75274909
5142 1994 5 673.259575487
5142 1994 6 650.961640959
5142 1994 7 582.301105536
5142 1994 8 624.627759964
5142 1994 9 554.390191605
5142 1994 10 826.27313354
5142 1994 11 997.515306004
5142 1994 12 1077.58018998
5142 1995 1 21397.0765785
5142 1995 2 10101.907905
5142 1995 3 23446.3097913
5142 1995 4 3578.62340196
5142 1995 5 1005.45344442
5142 1995 6 1570.28795255
5142 1995 7 907.575906626
5142 1995 8 706.851127838
5142 1995 9 558.016272583
5142 1995 10 427.024178408
5142 1995 11 247.378744345
5142 1995 12 1093.62968463
5142 1996 1 1772.43183213
5142 1996 2 7917.22140818
5142 1996 3 7025.50377005
5142 1996 4 1324.61624086
5142 1996 5 898.893842679
5142 1996 6 624.006241087
5142 1996 7 587.576458515
5142 1996 8 532.820891
5142 1996 9 484.373902856
5142 1996 10 997.597674307
5142 1996 11 1921.29252321
5142 1996 12 4401.06307053
5142 1997 1 6767.98727614
5142 1997 2 1124.80546598
5142 1997 3 866.541674532
5142 1997 4 625.418959266
5142 1997 5 570.281238983
5142 1997 6 437.648639342
5142 1997 7 464.488693635
5142 1997 8 464.022839231
5142 1997 9 876.148253162
5142 1997 10 454.133679159
5142 1997 11 1939.76428217
5142 1997 12 3043.77043059
5142 1998 1 3460.02894162
5142 1998 2 26765.423694
5142 1998 3 10225.9539341
5142 1998 4 5891.66026776
5142 1998 5 8230.22728192
5142 1998 6 1090.29717284
5142 1998 7 1040.32197083
5142 1998 8 853.115835246
5142 1998 9 640.759736946
5142 1998 10 384.542641453
5142 1998 11 987.430065502
5142 1998 12 587.061097808
5142 1999 1 1324.99537911
5142 1999 2 884.58798492
5142 1999 3 918.134458389
5142 1999 4 1724.26806981
5142 1999 5 608.499105502
5142 1999 6 716.903965874
5142 1999 7 517.002576481
5142 1999 8 505.123732859
5142 1999 9 422.065317586
5142 1999 10 528.822585636
5142 1999 11 457.726686926
5142 1999 12 569.415117089
5142 2000 1 901.374978616
5142 2000 2 5995.68165436
5142 2000 3 3697.20186786
5142 2000 4 2344.7345215
5142 2000 5 949.931851435
5142 2000 6 733.091824747
5142 2000 7 594.82347769
5142 2000 8 579.613196629
5142 2000 9 593.048397541
5142 2000 10 1271.34207848
5142 2000 11 347.793674312
5142 2000 12 236.418038999
5142 2001 1 3367.35469808
5142 2001 2 6892.67400094
5142 2001 3 2374.56280798
5142 2001 4 1785.74530754
5142 2001 5 900.136069255
5142 2001 6 723.611076644
5142 2001 7 659.917963544
5142 2001 8 488.927234985
5142 2001 9 388.199038547
5142 2001 10 370.417191824
5142 2001 11 1244.05855345
5142 2001 12 1178.74017177
5142 2002 1 914.458496644
5142 2002 2 583.246747693
5142 2002 3 659.358046763
5142 2002 4 281.179413934
5142 2002 5 376.805085714
5142 2002 6 301.57173765
5142 2002 7 354.652105828
5142 2002 8 365.6533829
5142 2002 9 469.15673456
5142 2002 10 442.615732234
5142 2002 11 2181.86920593
5142 2002 12 3182.19627376
5142 2003 1 587.08490868
5142 2003 2 4841.94815536
5142 2003 3 8127.96384251
5142 2003 4 1984.13650926
5142 2003 5 1600.16409118
5142 2003 6 789.996204318
5142 2003 7 687.369568926
5142 2003 8 636.879862509
5142 2003 9 550.549416013
5142 2003 10 609.962234544
5142 2003 11 932.389398026
5142 2003 12 1377.24612958
5142 2004 1 678.790300911
5142 2004 2 5373.06076575
5142 2004 3 2408.1588011
5142 2004 4 990.268843946
5142 2004 5 739.307075517
5142 2004 6 459.286685463
5142 2004 7 469.432889681
5142 2004 8 472.6974798
5142 2004 9 507.234481923
5142 2004 10 5944.27734288
5142 2004 11 1566.17859463
5142 2004 12 4039.75844254
5142 2005 1 40847.5692536
5142 2005 2 35913.7387253
5142 2005 3 10243.7955007
5142 2005 4 1958.7515261
5142 2005 5 1289.67429742
5142 2005 6 883.320461627
5142 2005 7 742.622634356
5142 2005 8 603.844142608
5142 2005 9 749.587257223
5142 2005 10 1304.39912239
5142 2005 11 501.582294167
5142 2005 12 979.370369057
5142 2006 1 1514.61448674
5142 2006 2 1871.38356774
5142 2006 3 4227.20043244
5142 2006 4 3735.2714066
5142 2006 5 1191.60489228
5142 2006 6 904.706379999
5142 2006 7 809.368668038
5142 2006 8 550.190293671
5142 2006 9 550.60397083
5142 2006 10 436.609908878
5142 2006 11 379.612745576
5142 2006 12 905.54772409
5142 2007 1 519.15976778
5142 2007 2 1354.34176749
5142 2007 3 419.113542048
5142 2007 4 770.682812083
5142 2007 5 504.729022694
5142 2007 6 514.928677234
5142 2007 7 704.445298107
5142 2007 8 788.420924432
5142 2007 9 1319.48701982
5142 2007 10 903.608759371
5142 2007 11 731.322960538
5142 2007 12 1732.6687191
5142 2008 1 8368.16463964
5142 2008 2 6707.81403598
5142 2008 3 1197.55484125
5142 2008 4 861.681030927
5142 2008 5 1156.20550328
5142 2008 6 685.368168666
5142 2008 7 818.94833793
5142 2008 8 792.28618641
5142 2008 9 649.193636903
5142 2008 10 633.370853412
5142 2008 11 1391.58711441
5142 2008 12 2713.50615582
5142 2009 1 955.525683373
5142 2009 2 4629.32784331
5142 2009 3 1132.73395497
5142 2009 4 885.204759565
5142 2009 5 705.156117454
5142 2009 6 445.456641994
5142 2009 7 703.469365377
5142 2009 8 769.412981593
5142 2009 9 706.067507043
5142 2009 10 1226.44268097
5142 2009 11 519.302913228
5142 2009 12 2720.10105726
5142 2010 1 6034.42318084
5142 2010 2 9870.61454878
5142 2010 3 5417.68342714
5142 2010 4 1909.08445591
5142 2010 5 947.380262509
5142 2010 6 667.433508862
5142 2010 7 643.73488398
5142 2010 8 756.749656458
5142 2010 9 669.979700429
5142 2010 10 1434.66691472
5142 2010 11 1103.0746445
5142 2010 12 15386.9699866
5142 2011 1 5136.45445035
5142 2011 2 2703.98037347
5142 2011 3 5789.07516888
5142 2011 4 1529.63776026
5142 2011 5 1334.8796202
5142 2011 6 726.33958524
5142 2011 7 826.944288525
5142 2011 8 816.174683294
5142 2011 9 677.772421701
5142 2011 10 1216.97805757
5142 2011 11 1419.17857013
5142 2011 12 796.043789111
5142 2012 1 1038.37194874
5142 2012 2 847.762663206
5142 2012 3 1500.28148719
5142 2012 4 1796.46344934
5142 2012 5 0
5142 2012 6 0
5142 2012 7 0
5142 2012 8 0
5142 2012 9 0
5142 2012 10 0
5142 2012 11 0
5142 2012 12 0
