5273 1986 1 2569.18500335
5273 1986 2 26483.7691526
5273 1986 3 26078.6539289
5273 1986 4 7498.36919314
5273 1986 5 5243.86709066
5273 1986 6 3868.93142271
5273 1986 7 2851.89219394
5273 1986 8 1933.39417293
5273 1986 9 1098.21292529
5273 1986 10 588.26817185
5273 1986 11 263.667640051
5273 1986 12 224.299307059
5273 1987 1 443.201205836
5273 1987 2 245.108467564
5273 1987 3 678.494769724
5273 1987 4 584.392187074
5273 1987 5 187.544211155
5273 1987 6 42.1804198233
5273 1987 7 18.6831335146
5273 1987 8 7.51117280091
5273 1987 9 5.875839704
5273 1987 10 145.643276211
5273 1987 11 2109.81737904
5273 1987 12 2449.90231248
5273 1988 1 3706.50056152
5273 1988 2 4508.69090405
5273 1988 3 7134.09289759
5273 1988 4 6248.37941744
5273 1988 5 6061.3031758
5273 1988 6 4620.74029562
5273 1988 7 3506.23930502
5273 1988 8 2431.99654794
5273 1988 9 1535.71398501
5273 1988 10 797.785032447
5273 1988 11 393.935647226
5273 1988 12 861.897304368
5273 1989 1 2053.97394503
5273 1989 2 2813.33111987
5273 1989 3 3274.5916658
5273 1989 4 2553.07878407
5273 1989 5 1928.27893417
5273 1989 6 1156.52344528
5273 1989 7 567.491188567
5273 1989 8 406.128425774
5273 1989 9 336.708234485
5273 1989 10 189.744843998
5273 1989 11 126.39571464
5273 1989 12 28.5512329352
5273 1990 1 562.201685502
5273 1990 2 1536.61132875
5273 1990 3 2511.6088722
5273 1990 4 1899.79862576
5273 1990 5 1311.13961833
5273 1990 6 652.300138406
5273 1990 7 235.196161024
5273 1990 8 51.2743497843
5273 1990 9 18.0039139318
5273 1990 10 10.9842542658
5273 1990 11 9.25070273395
5273 1990 12 5.47241768096
5273 1991 1 117.014845585
5273 1991 2 196.527343032
5273 1991 3 17895.1712475
5273 1991 4 12016.0908565
5273 1991 5 5302.87759154
5273 1991 6 3910.83564618
5273 1991 7 2880.96620214
5273 1991 8 1952.8509606
5273 1991 9 1094.28607114
5273 1991 10 514.443935177
5273 1991 11 249.003945516
5273 1991 12 189.777544608
5273 1992 1 3169.12532261
5273 1992 2 45181.9984256
5273 1992 3 36582.613252
5273 1992 4 11600.1296505
5273 1992 5 5440.68766658
5273 1992 6 4122.95355972
5273 1992 7 3089.3666741
5273 1992 8 2135.37867543
5273 1992 9 1280.81187505
5273 1992 10 616.906198446
5273 1992 11 344.996156641
5273 1992 12 1650.15302648
5273 1993 1 85838.9099603
5273 1993 2 77859.2625415
5273 1993 3 18551.1995358
5273 1993 4 7912.64236255
5273 1993 5 5161.01922815
5273 1993 6 3990.05224433
5273 1993 7 3106.99272093
5273 1993 8 2178.57862228
5273 1993 9 1335.44234225
5273 1993 10 663.860266323
5273 1993 11 288.648657694
5273 1993 12 191.208055233
5273 1994 1 84.1632055845
5273 1994 2 766.450148774
5273 1994 3 1966.29530882
5273 1994 4 2231.16588278
5273 1994 5 2074.93451171
5273 1994 6 1522.8765751
5273 1994 7 708.927489132
5273 1994 8 190.171231201
5273 1994 9 41.5625733019
5273 1994 10 68.6520288257
5273 1994 11 48.7963509304
5273 1994 12 42.4429691964
5273 1995 1 36947.757839
5273 1995 2 25031.8627018
5273 1995 3 43201.3543577
5273 1995 4 8640.95394168
5273 1995 5 5329.77117348
5273 1995 6 4021.07490535
5273 1995 7 3097.65118352
5273 1995 8 2165.5465735
5273 1995 9 1318.66631447
5273 1995 10 652.090981114
5273 1995 11 322.558932327
5273 1995 12 193.756946434
5273 1996 1 143.750325622
5273 1996 2 9760.3258159
5273 1996 3 18694.258088
5273 1996 4 5815.04133529
5273 1996 5 4896.81838154
5273 1996 6 3539.36171977
5273 1996 7 2576.97338586
5273 1996 8 1699.97752328
5273 1996 9 857.207468732
5273 1996 10 425.815615844
5273 1996 11 373.328151497
5273 1996 12 2795.99453935
5273 1997 1 8722.50744227
5273 1997 2 7712.95890722
5273 1997 3 5284.6289096
5273 1997 4 3896.59035689
5273 1997 5 2866.94185746
5273 1997 6 1894.04085226
5273 1997 7 1135.66471346
5273 1997 8 495.379914556
5273 1997 9 214.806276995
5273 1997 10 142.584184787
5273 1997 11 78.4995431979
5273 1997 12 625.392327783
5273 1998 1 955.59354928
5273 1998 2 42997.4087948
5273 1998 3 20503.7178697
5273 1998 4 13993.1115387
5273 1998 5 22711.7209496
5273 1998 6 5622.39198986
5273 1998 7 4563.76358692
5273 1998 8 3299.83484109
5273 1998 9 2225.07947621
5273 1998 10 1479.09255771
5273 1998 11 709.722965437
5273 1998 12 391.560875163
5273 1999 1 198.683878555
5273 1999 2 295.229544091
5273 1999 3 252.09208964
5273 1999 4 498.741609039
5273 1999 5 382.930239625
5273 1999 6 236.337222867
5273 1999 7 148.443138066
5273 1999 8 35.7307385622
5273 1999 9 8.02478243848
5273 1999 10 4.80114551413
5273 1999 11 8.7358372317
5273 1999 12 4.33117210529
5273 2000 1 8.96604427533
5273 2000 2 1108.8344127
5273 2000 3 5399.15528503
5273 2000 4 5088.76320559
5273 2000 5 4717.39782053
5273 2000 6 3444.42363447
5273 2000 7 2519.51857544
5273 2000 8 1654.91632666
5273 2000 9 817.349999756
5273 2000 10 448.450987263
5273 2000 11 300.763298631
5273 2000 12 164.426659402
5273 2001 1 346.208554132
5273 2001 2 2613.65210192
5273 2001 3 6692.34087002
5273 2001 4 5284.27368214
5273 2001 5 4361.98905346
5273 2001 6 3056.2080647
5273 2001 7 2185.34218172
5273 2001 8 1332.36740605
5273 2001 9 582.867725304
5273 2001 10 388.76717034
5273 2001 11 254.710272331
5273 2001 12 214.079796459
5273 2002 1 154.531885304
5273 2002 2 264.341174393
5273 2002 3 199.535059929
5273 2002 4 79.5672248729
5273 2002 5 67.1802010256
5273 2002 6 77.5948800258
5273 2002 7 22.6436735427
5273 2002 8 10.1141763453
5273 2002 9 5.28647808665
5273 2002 10 5.55110038587
5273 2002 11 194.363673974
5273 2002 12 736.680155961
5273 2003 1 1218.87903647
5273 2003 2 3613.93230336
5273 2003 3 20207.2557933
5273 2003 4 6972.74976911
5273 2003 5 6642.78908424
5273 2003 6 4906.00080259
5273 2003 7 3797.55654121
5273 2003 8 2661.053547
5273 2003 9 1724.60131397
5273 2003 10 967.843301123
5273 2003 11 449.404290793
5273 2003 12 292.478782643
5273 2004 1 502.798491579
5273 2004 2 1136.94193628
5273 2004 3 5286.80536942
5273 2004 4 4445.44384617
5273 2004 5 3476.89837626
5273 2004 6 2384.96743072
5273 2004 7 1627.23366769
5273 2004 8 816.391742567
5273 2004 9 394.316848882
5273 2004 10 1935.84818872
5273 2004 11 5269.33283804
5273 2004 12 8124.42280245
5273 2005 1 91175.7566783
5273 2005 2 73105.4698041
5273 2005 3 22045.4382105
5273 2005 4 6758.16786236
5273 2005 5 5466.3830439
5273 2005 6 4279.81547367
5273 2005 7 3256.71313446
5273 2005 8 2279.14254898
5273 2005 9 1431.57433998
5273 2005 10 767.93138459
5273 2005 11 333.264974289
5273 2005 12 176.139984786
5273 2006 1 1388.14888565
5273 2006 2 883.639786349
5273 2006 3 3184.14050641
5273 2006 4 9674.85064095
5273 2006 5 5727.53175385
5273 2006 6 4446.14507107
5273 2006 7 3359.76721888
5273 2006 8 2321.6651866
5273 2006 9 1436.32994296
5273 2006 10 713.452376241
5273 2006 11 285.848139355
5273 2006 12 170.426097137
5273 2007 1 67.5983058283
5273 2007 2 35.4441905041
5273 2007 3 117.816479425
5273 2007 4 54.0954600775
5273 2007 5 34.9055489871
5273 2007 6 11.3060525058
5273 2007 7 11.6625613371
5273 2007 8 12.2622875964
5273 2007 9 19.8511803501
5273 2007 10 19.5346220735
5273 2007 11 8.56845449892
5273 2007 12 393.889243749
5273 2008 1 16551.6497767
5273 2008 2 18944.0366882
5273 2008 3 6544.27714558
5273 2008 4 4753.16863723
5273 2008 5 3648.46811091
5273 2008 6 2563.94087845
5273 2008 7 1803.17253108
5273 2008 8 979.473213078
5273 2008 9 426.709066531
5273 2008 10 199.71211163
5273 2008 11 150.061704187
5273 2008 12 350.184503784
5273 2009 1 903.746343757
5273 2009 2 3176.31922224
5273 2009 3 4998.04224146
5273 2009 4 3953.83355273
5273 2009 5 2985.93008503
5273 2009 6 2000.6029979
5273 2009 7 1236.79891751
5273 2009 8 552.842693745
5273 2009 9 293.459746892
5273 2009 10 228.827746852
5273 2009 11 159.28047231
5273 2009 12 1557.66417651
5273 2010 1 7456.91127936
5273 2010 2 24541.9814216
5273 2010 3 13422.2524468
5273 2010 4 5689.95645497
5273 2010 5 5276.37298806
5273 2010 6 3927.18615493
5273 2010 7 2893.76111519
5273 2010 8 1956.15234218
5273 2010 9 1092.24619735
5273 2010 10 522.96004502
5273 2010 11 263.85003358
5273 2010 12 19797.1895074
5273 2011 1 12659.8077351
5273 2011 2 7116.81191615
5273 2011 3 14644.2118642
5273 2011 4 7980.87602978
5273 2011 5 5091.77241754
5273 2011 6 3725.57698677
5273 2011 7 2717.96444144
5273 2011 8 1812.13626623
5273 2011 9 956.383937545
5273 2011 10 474.971729741
5273 2011 11 232.678367033
5273 2011 12 183.356189429
5273 2012 1 63.9971785205
5273 2012 2 52.8745411903
5273 2012 3 316.836516717
5273 2012 4 1269.0250451
5273 2012 5 0
5273 2012 6 0
5273 2012 7 0
5273 2012 8 0
5273 2012 9 0
5273 2012 10 0
5273 2012 11 0
5273 2012 12 0
