5413 1986 1 289.724273329
5413 1986 2 1587.89782777
5413 1986 3 1663.22056147
5413 1986 4 424.876546687
5413 1986 5 260.265542448
5413 1986 6 77.2600916093
5413 1986 7 3.76478413377
5413 1986 8 0.0163124148128
5413 1986 9 6.2570218551
5413 1986 10 10.3027369066
5413 1986 11 5.43849570322
5413 1986 12 3.78706255668
5413 1987 1 31.6565789543
5413 1987 2 11.4262000307
5413 1987 3 24.5208284494
5413 1987 4 15.6137210606
5413 1987 5 2.71213589938
5413 1987 6 0.00952109655736
5413 1987 7 0.0
5413 1987 8 0.0
5413 1987 9 0.0
5413 1987 10 9.00686690047
5413 1987 11 134.606891967
5413 1987 12 91.6896265977
5413 1988 1 200.016514111
5413 1988 2 282.046869903
5413 1988 3 420.438066502
5413 1988 4 265.191898305
5413 1988 5 284.103176334
5413 1988 6 163.521644562
5413 1988 7 8.12335037956
5413 1988 8 0.630996252932
5413 1988 9 0.0
5413 1988 10 0.0
5413 1988 11 2.2904911143
5413 1988 12 81.2668257084
5413 1989 1 168.079881725
5413 1989 2 230.233911961
5413 1989 3 256.742461977
5413 1989 4 147.875534543
5413 1989 5 26.2987562574
5413 1989 6 4.50877895872
5413 1989 7 0.0935706020988
5413 1989 8 0.0
5413 1989 9 0.0
5413 1989 10 0.0
5413 1989 11 0.0
5413 1989 12 0.0
5413 1990 1 13.0152979414
5413 1990 2 68.9902958624
5413 1990 3 62.4405944409
5413 1990 4 33.6798782679
5413 1990 5 15.1534813556
5413 1990 6 10.1673145245
5413 1990 7 0.807673732334
5413 1990 8 0.0
5413 1990 9 0.0
5413 1990 10 0.0
5413 1990 11 0.0
5413 1990 12 0.0
5413 1991 1 7.25029452855
5413 1991 2 39.7791796889
5413 1991 3 1650.81716774
5413 1991 4 629.914794621
5413 1991 5 272.212028689
5413 1991 6 110.572615542
5413 1991 7 4.92679193765
5413 1991 8 0.157605114042
5413 1991 9 0.0
5413 1991 10 0.0
5413 1991 11 0.0
5413 1991 12 3.5067693807
5413 1992 1 74.9072113947
5413 1992 2 1433.70171566
5413 1992 3 1973.35137468
5413 1992 4 535.825586347
5413 1992 5 271.524656304
5413 1992 6 119.621651269
5413 1992 7 8.58448699708
5413 1992 8 0.984010527068
5413 1992 9 0.0
5413 1992 10 2.2062552313
5413 1992 11 5.57046185088
5413 1992 12 102.722795755
5413 1993 1 1681.27821517
5413 1993 2 3040.98739763
5413 1993 3 842.105043069
5413 1993 4 348.014450451
5413 1993 5 238.726322318
5413 1993 6 81.2387488972
5413 1993 7 18.9987050301
5413 1993 8 2.79896284467
5413 1993 9 0.0288657241939
5413 1993 10 0.0
5413 1993 11 0.33624730295
5413 1993 12 3.1850154899
5413 1994 1 1.9719779176
5413 1994 2 54.4473630407
5413 1994 3 96.1153453754
5413 1994 4 77.9538917287
5413 1994 5 69.4135662377
5413 1994 6 15.5902076036
5413 1994 7 2.45947456471
5413 1994 8 0.000667839894506
5413 1994 9 0.0
5413 1994 10 0.0
5413 1994 11 0.274197998245
5413 1994 12 1.21173357674
5413 1995 1 2217.61046761
5413 1995 2 1432.79863188
5413 1995 3 3431.14227351
5413 1995 4 431.615741954
5413 1995 5 267.765385628
5413 1995 6 130.657586727
5413 1995 7 27.4752715224
5413 1995 8 4.57864373262
5413 1995 9 0.121376546688
5413 1995 10 0.0
5413 1995 11 0.0
5413 1995 12 0.0
5413 1996 1 3.63038380077
5413 1996 2 833.363994702
5413 1996 3 1207.66176251
5413 1996 4 317.282790515
5413 1996 5 238.047217415
5413 1996 6 23.2520241327
5413 1996 7 1.86704368057
5413 1996 8 0.0
5413 1996 9 0.0
5413 1996 10 0.0
5413 1996 11 8.16060416425
5413 1996 12 67.600741521
5413 1997 1 194.913301907
5413 1997 2 248.739890334
5413 1997 3 191.85960072
5413 1997 4 13.3049053313
5413 1997 5 2.41657955856
5413 1997 6 0.450795004981
5413 1997 7 0.0
5413 1997 8 0.0
5413 1997 9 0.0
5413 1997 10 0.0
5413 1997 11 0.0701335186654
5413 1997 12 33.1496277877
5413 1998 1 65.6556026172
5413 1998 2 2009.27928656
5413 1998 3 1056.54342185
5413 1998 4 644.054383874
5413 1998 5 945.453903765
5413 1998 6 281.521240279
5413 1998 7 169.326002294
5413 1998 8 7.52370527481
5413 1998 9 1.72533701132
5413 1998 10 0.0408262167736
5413 1998 11 0.664787597206
5413 1998 12 0.778659809349
5413 1999 1 2.90008980064
5413 1999 2 11.0859724772
5413 1999 3 5.16202996818
5413 1999 4 13.0049543008
5413 1999 5 5.2713284951
5413 1999 6 1.89477397065
5413 1999 7 0.0
5413 1999 8 0.0
5413 1999 9 0.0
5413 1999 10 0.0
5413 1999 11 0.0
5413 1999 12 0.0
5413 2000 1 0.0
5413 2000 2 61.6208329936
5413 2000 3 191.619816619
5413 2000 4 84.3506905445
5413 2000 5 44.7310313524
5413 2000 6 8.57727799297
5413 2000 7 0.748637359211
5413 2000 8 0.0
5413 2000 9 0.0
5413 2000 10 0.0
5413 2000 11 0.0
5413 2000 12 0.0
5413 2001 1 36.926944894
5413 2001 2 1102.39422583
5413 2001 3 508.455722071
5413 2001 4 266.231859908
5413 2001 5 143.870586117
5413 2001 6 7.90652029781
5413 2001 7 0.894113280043
5413 2001 8 0.0
5413 2001 9 0.0
5413 2001 10 0.0
5413 2001 11 0.0
5413 2001 12 2.88873601436
5413 2002 1 4.65655448134
5413 2002 2 5.14508945734
5413 2002 3 6.55988389314
5413 2002 4 2.4864429885
5413 2002 5 0.48050733542
5413 2002 6 0.0
5413 2002 7 0.0
5413 2002 8 0.0
5413 2002 9 0.0
5413 2002 10 0.0
5413 2002 11 19.2106307983
5413 2002 12 60.3216511253
5413 2003 1 44.4030413842
5413 2003 2 154.638410722
5413 2003 3 1100.47552378
5413 2003 4 355.674947566
5413 2003 5 303.470867426
5413 2003 6 223.821965956
5413 2003 7 16.3131916082
5413 2003 8 1.01831213781
5413 2003 9 0.0
5413 2003 10 0.0
5413 2003 11 0.0
5413 2003 12 5.49866939443
5413 2004 1 10.6177957535
5413 2004 2 62.221305608
5413 2004 3 327.824069054
5413 2004 4 242.741855661
5413 2004 5 62.4996835226
5413 2004 6 3.24673748091
5413 2004 7 0.0702150827758
5413 2004 8 0.0
5413 2004 9 0.0
5413 2004 10 75.6957234132
5413 2004 11 235.786182626
5413 2004 12 296.549251549
5413 2005 1 4591.87179782
5413 2005 2 4035.54070776
5413 2005 3 1363.02366015
5413 2005 4 402.854933124
5413 2005 5 290.235763585
5413 2005 6 208.534815105
5413 2005 7 13.944940868
5413 2005 8 2.13797882861
5413 2005 9 0.157931335988
5413 2005 10 3.65737505278
5413 2005 11 1.39848776097
5413 2005 12 0.770466946721
5413 2006 1 15.898028774
5413 2006 2 10.159769329
5413 2006 3 170.373849583
5413 2006 4 702.533491227
5413 2006 5 298.930914733
5413 2006 6 202.619103555
5413 2006 7 12.2976460544
5413 2006 8 1.33204044054
5413 2006 9 0.0
5413 2006 10 0.0
5413 2006 11 0.0
5413 2006 12 0.0
5413 2007 1 0.0
5413 2007 2 4.84737028101
5413 2007 3 14.9150625698
5413 2007 4 6.90977922491
5413 2007 5 2.40294082323
5413 2007 6 0.0
5413 2007 7 0.0
5413 2007 8 0.0
5413 2007 9 0.0
5413 2007 10 0.0
5413 2007 11 0.0
5413 2007 12 36.3220003472
5413 2008 1 2247.77486634
5413 2008 2 1022.28065939
5413 2008 3 401.221776478
5413 2008 4 240.365384406
5413 2008 5 61.9941972909
5413 2008 6 21.0926220263
5413 2008 7 3.30219311329
5413 2008 8 0.011060614269
5413 2008 9 0.0
5413 2008 10 0.0
5413 2008 11 0.0
5413 2008 12 69.9652445903
5413 2009 1 106.487818784
5413 2009 2 703.324121728
5413 2009 3 393.106624413
5413 2009 4 251.45774537
5413 2009 5 86.6841315736
5413 2009 6 4.51655978609
5413 2009 7 0.00285855751831
5413 2009 8 0.0
5413 2009 9 0.0
5413 2009 10 1.85011434918
5413 2009 11 3.11553720798
5413 2009 12 179.669353115
5413 2010 1 1005.54234879
5413 2010 2 1642.03699496
5413 2010 3 843.775750375
5413 2010 4 375.686953824
5413 2010 5 274.260965039
5413 2010 6 114.514851884
5413 2010 7 4.42513022575
5413 2010 8 0.0274192751639
5413 2010 9 0.0
5413 2010 10 0.0
5413 2010 11 4.95382531873
5413 2010 12 2991.00361618
5413 2011 1 966.58208156
5413 2011 2 581.74629096
5413 2011 3 1418.14805546
5413 2011 4 510.084233713
5413 2011 5 263.41751242
5413 2011 6 102.665049451
5413 2011 7 5.31223634341
5413 2011 8 0.141281113722
5413 2011 9 0.0
5413 2011 10 3.34520096446
5413 2011 11 5.93044162282
5413 2011 12 4.55790678403
5413 2012 1 4.69051332024
5413 2012 2 9.61835669382
5413 2012 3 70.1931311161
5413 2012 4 201.814492919
5413 2012 5 0
5413 2012 6 0
5413 2012 7 0
5413 2012 8 0
5413 2012 9 0
5413 2012 10 0
5413 2012 11 0
5413 2012 12 0
