5263 1986 1 1230.08708104
5263 1986 2 18353.1414009
5263 1986 3 31008.9213084
5263 1986 4 13838.3021709
5263 1986 5 8584.93731206
5263 1986 6 7087.19106084
5263 1986 7 5960.45493443
5263 1986 8 5070.33186098
5263 1986 9 4820.9843339
5263 1986 10 4775.2900626
5263 1986 11 4560.60338252
5263 1986 12 4661.91570279
5263 1987 1 4706.92731113
5263 1987 2 4217.32444099
5263 1987 3 4670.87281178
5263 1987 4 4508.67317186
5263 1987 5 4658.73226658
5263 1987 6 4507.25476176
5263 1987 7 1295.58553198
5263 1987 8 33.3041837028
5263 1987 9 9.40595595512
5263 1987 10 232.978115363
5263 1987 11 921.861828617
5263 1987 12 1205.79411516
5263 1988 1 3207.90644069
5263 1988 2 6344.6315121
5263 1988 3 9321.05369652
5263 1988 4 9067.92946952
5263 1988 5 9578.04588808
5263 1988 6 7825.28628482
5263 1988 7 6725.59069452
5263 1988 8 5506.38809111
5263 1988 9 4857.23877467
5263 1988 10 4789.90559221
5263 1988 11 4593.92608312
5263 1988 12 4827.16069569
5263 1989 1 4810.90265543
5263 1989 2 4644.83057292
5263 1989 3 5490.58078168
5263 1989 4 5131.49717224
5263 1989 5 4983.99656251
5263 1989 6 4719.8363345
5263 1989 7 4769.23864209
5263 1989 8 4694.28697373
5263 1989 9 4514.23719385
5263 1989 10 4660.75983755
5263 1989 11 4513.20807794
5263 1989 12 4655.80757568
5263 1990 1 4671.55936382
5263 1990 2 4313.75901892
5263 1990 3 4673.87165292
5263 1990 4 4614.87862847
5263 1990 5 4790.96284973
5263 1990 6 4609.43884653
5263 1990 7 4684.50272746
5263 1990 8 4658.14397638
5263 1990 9 4508.27798457
5263 1990 10 4656.43717437
5263 1990 11 2424.74522544
5263 1990 12 66.1786226383
5263 1991 1 160.95800812
5263 1991 2 572.109796645
5263 1991 3 10503.0478901
5263 1991 4 18905.332392
5263 1991 5 8742.86179844
5263 1991 6 7147.50976586
5263 1991 7 6002.3424187
5263 1991 8 5082.45529927
5263 1991 9 4752.22379496
5263 1991 10 4768.95171313
5263 1991 11 4537.58664655
5263 1991 12 4682.24752314
5263 1992 1 4997.93256587
5263 1992 2 46687.2584921
5263 1992 3 43612.6743993
5263 1992 4 18390.1990264
5263 1992 5 8832.38557623
5263 1992 6 7345.35380218
5263 1992 7 6238.73393317
5263 1992 8 5164.99690328
5263 1992 9 4832.94339145
5263 1992 10 4814.56163257
5263 1992 11 4552.89229119
5263 1992 12 5256.17708254
5263 1993 1 92640.1205376
5263 1993 2 88165.8348498
5263 1993 3 24852.6322809
5263 1993 4 13461.9764878
5263 1993 5 8510.13980573
5263 1993 6 7199.55168889
5263 1993 7 6174.32302461
5263 1993 8 5172.56957911
5263 1993 9 4854.48462784
5263 1993 10 4779.11966478
5263 1993 11 4551.41191798
5263 1993 12 4668.52056846
5263 1994 1 4662.66104411
5263 1994 2 4279.10603916
5263 1994 3 4715.60191916
5263 1994 4 4618.00999933
5263 1994 5 4956.36507056
5263 1994 6 4802.20615509
5263 1994 7 4770.93075312
5263 1994 8 4697.14312587
5263 1994 9 4509.63111857
5263 1994 10 4678.45189521
5263 1994 11 4511.70626968
5263 1994 12 4272.51174976
5263 1995 1 35524.2801986
5263 1995 2 30599.54478
5263 1995 3 51679.7890248
5263 1995 4 15458.984857
5263 1995 5 8739.42357588
5263 1995 6 7325.01065146
5263 1995 7 6211.48173512
5263 1995 8 5172.34814152
5263 1995 9 4847.77200837
5263 1995 10 4780.01283004
5263 1995 11 4548.41615928
5263 1995 12 4666.12052148
5263 1996 1 4702.96646827
5263 1996 2 7425.97531416
5263 1996 3 24903.8011636
5263 1996 4 10498.4212422
5263 1996 5 8265.70848209
5263 1996 6 6704.62757298
5263 1996 7 5657.34873365
5263 1996 8 5016.21748582
5263 1996 9 4657.43574067
5263 1996 10 4752.651796
5263 1996 11 4576.17936755
5263 1996 12 5225.73989167
5263 1997 1 8892.08228122
5263 1997 2 12751.7187442
5263 1997 3 8694.49233462
5263 1997 4 7159.80936751
5263 1997 5 6005.51324548
5263 1997 6 4920.58011295
5263 1997 7 4920.43313425
5263 1997 8 4765.05084976
5263 1997 9 4539.58485314
5263 1997 10 4658.35008415
5263 1997 11 4526.23584232
5263 1997 12 4702.70877336
5263 1998 1 4772.18651509
5263 1998 2 44198.6745664
5263 1998 3 26579.7613033
5263 1998 4 21120.0894371
5263 1998 5 28360.0122588
5263 1998 6 10597.7147243
5263 1998 7 7965.21759225
5263 1998 8 6494.70147489
5263 1998 9 5191.87179535
5263 1998 10 5015.28045934
5263 1998 11 4636.17799402
5263 1998 12 4723.21640611
5263 1999 1 4675.19190998
5263 1999 2 4217.60392861
5263 1999 3 4659.68445629
5263 1999 4 4548.82444521
5263 1999 5 4660.46805242
5263 1999 6 4513.21387461
5263 1999 7 4650.40568625
5263 1999 8 401.358396738
5263 1999 9 26.2952807779
5263 1999 10 10.9526289268
5263 1999 11 7.63380992258
5263 1999 12 5.60427954886
5263 2000 1 24.6459237238
5263 2000 2 1355.45953804
5263 2000 3 2229.09259069
5263 2000 4 5815.86307845
5263 2000 5 7617.96366944
5263 2000 6 6470.35853216
5263 2000 7 5569.19141736
5263 2000 8 5017.11409776
5263 2000 9 4649.45120057
5263 2000 10 4745.5565353
5263 2000 11 4525.13696719
5263 2000 12 4657.97401975
5263 2001 1 4728.37320577
5263 2001 2 5000.11442507
5263 2001 3 6949.40667449
5263 2001 4 8332.2884751
5263 2001 5 7721.82994903
5263 2001 6 6130.95731885
5263 2001 7 5224.14980793
5263 2001 8 4996.01773782
5263 2001 9 4623.82489965
5263 2001 10 4698.09284149
5263 2001 11 4533.05013257
5263 2001 12 4668.56071453
5263 2002 1 4681.35737647
5263 2002 2 4211.13946475
5263 2002 3 4663.25944251
5263 2002 4 2981.73603779
5263 2002 5 117.800508422
5263 2002 6 86.424624935
5263 2002 7 31.83526922
5263 2002 8 8.62962114959
5263 2002 9 10.2517077449
5263 2002 10 6.25637522364
5263 2002 11 271.3791621
5263 2002 12 508.84525397
5263 2003 1 719.511136059
5263 2003 2 1753.79257554
5263 2003 3 16483.0034698
5263 2003 4 12913.1656857
5263 2003 5 10140.1228986
5263 2003 6 8102.7293173
5263 2003 7 7084.29880911
5263 2003 8 5748.15041696
5263 2003 9 4859.50179372
5263 2003 10 4849.50442024
5263 2003 11 4606.86558233
5263 2003 12 4708.48729779
5263 2004 1 4668.50120864
5263 2004 2 5016.56228921
5263 2004 3 5358.24196511
5263 2004 4 6646.0484069
5263 2004 5 6448.17228227
5263 2004 6 5315.55761962
5263 2004 7 5012.98012317
5263 2004 8 4792.61997645
5263 2004 9 4570.43788863
5263 2004 10 5979.41892579
5263 2004 11 5866.98926989
5263 2004 12 9080.52010049
5263 2005 1 104913.774456
5263 2005 2 83882.5472688
5263 2005 3 28181.7221947
5263 2005 4 12664.9472384
5263 2005 5 8810.97360608
5263 2005 6 7495.51590705
5263 2005 7 6400.38694465
5263 2005 8 5300.13401518
5263 2005 9 4865.72018412
5263 2005 10 4795.85145272
5263 2005 11 4564.38251475
5263 2005 12 4667.05624517
5263 2006 1 4925.96842167
5263 2006 2 4419.79288784
5263 2006 3 5343.80570927
5263 2006 4 11570.5706752
5263 2006 5 9350.5696786
5263 2006 6 7701.86059646
5263 2006 7 6550.81764846
5263 2006 8 5381.53903967
5263 2006 9 4852.77756605
5263 2006 10 4775.0164831
5263 2006 11 4555.10247399
5263 2006 12 4666.66521214
5263 2007 1 4663.67708008
5263 2007 2 4239.49610215
5263 2007 3 4662.53016157
5263 2007 4 3127.15162158
5263 2007 5 112.401148362
5263 2007 6 23.3417619083
5263 2007 7 18.6225768932
5263 2007 8 19.052010623
5263 2007 9 32.5590935577
5263 2007 10 14.1929247452
5263 2007 11 18.7799713786
5263 2007 12 261.819332285
5263 2008 1 9433.93034279
5263 2008 2 22942.1309293
5263 2008 3 11113.6755561
5263 2008 4 7980.98600422
5263 2008 5 6989.39397061
5263 2008 6 5536.6659696
5263 2008 7 5031.2969646
5263 2008 8 4844.85372036
5263 2008 9 4596.68103078
5263 2008 10 4672.92170531
5263 2008 11 4516.60893543
5263 2008 12 4669.63451981
5263 2009 1 4666.74324564
5263 2009 2 4784.04222306
5263 2009 3 5673.92124324
5263 2009 4 6460.13808778
5263 2009 5 5955.35707127
5263 2009 6 4934.12634741
5263 2009 7 4946.52128009
5263 2009 8 4772.109561
5263 2009 9 4540.64882979
5263 2009 10 4668.36731616
5263 2009 11 4507.9324237
5263 2009 12 4744.98734391
5263 2010 1 6697.00201356
5263 2010 2 27536.3101509
5263 2010 3 20249.0266629
5263 2010 4 9036.61199849
5263 2010 5 8464.77841954
5263 2010 6 7100.65002488
5263 2010 7 5994.67148302
5263 2010 8 5082.34245577
5263 2010 9 4746.607892
5263 2010 10 4779.34552461
5263 2010 11 4547.99070731
5263 2010 12 18825.0658244
5263 2011 1 19801.6805218
5263 2011 2 9519.2252541
5263 2011 3 17307.9394009
5263 2011 4 14204.0836046
5263 2011 5 8416.14410128
5263 2011 6 6901.46262624
5263 2011 7 5804.88974816
5263 2011 8 5036.80884352
5263 2011 9 4693.59885823
5263 2011 10 4763.47998369
5263 2011 11 4535.56089661
5263 2011 12 4659.67551858
5263 2012 1 4663.18548775
5263 2012 2 4364.32840678
5263 2012 3 4696.66268166
5263 2012 4 4244.54166034
5263 2012 5 0
5263 2012 6 0
5263 2012 7 0
5263 2012 8 0
5263 2012 9 0
5263 2012 10 0
5263 2012 11 0
5263 2012 12 0
