6343 1986 1 282.911856046
6343 1986 2 923.695834364
6343 1986 3 1093.41182301
6343 1986 4 375.655223229
6343 1986 5 213.761955248
6343 1986 6 35.6688956554
6343 1986 7 22.609111081
6343 1986 8 12.3190559413
6343 1986 9 7.11934734033
6343 1986 10 10.8558015929
6343 1986 11 8.76051229728
6343 1986 12 8.08191191112
6343 1987 1 10.0593699509
6343 1987 2 9.84417064975
6343 1987 3 16.6720737243
6343 1987 4 16.1692675164
6343 1987 5 10.2379383715
6343 1987 6 5.66290842487
6343 1987 7 2.27651554352
6343 1987 8 0.653597612653
6343 1987 9 0.286124257192
6343 1987 10 2.94049458486
6343 1987 11 126.809363018
6343 1987 12 160.269392427
6343 1988 1 136.816660397
6343 1988 2 102.333929974
6343 1988 3 243.703434536
6343 1988 4 123.614844757
6343 1988 5 112.884628994
6343 1988 6 34.1895468791
6343 1988 7 21.917134138
6343 1988 8 11.8117081717
6343 1988 9 6.15086875946
6343 1988 10 3.06304917916
6343 1988 11 3.38501406109
6343 1988 12 36.0033774149
6343 1989 1 96.7417429328
6343 1989 2 238.539093269
6343 1989 3 127.710217492
6343 1989 4 52.1733363437
6343 1989 5 26.3464104279
6343 1989 6 15.5186173864
6343 1989 7 7.99367254185
6343 1989 8 3.66572351015
6343 1989 9 1.44842496326
6343 1989 10 1.30062892815
6343 1989 11 1.34202508022
6343 1989 12 1.66574091454
6343 1990 1 6.53036898609
6343 1990 2 36.585165352
6343 1990 3 58.3647212853
6343 1990 4 45.2509403585
6343 1990 5 36.8514110953
6343 1990 6 35.3610907295
6343 1990 7 22.5771627791
6343 1990 8 12.3107205537
6343 1990 9 5.99377531245
6343 1990 10 2.28849921659
6343 1990 11 1.13333130985
6343 1990 12 0.888264713401
6343 1991 1 5.72693689312
6343 1991 2 16.7180944596
6343 1991 3 978.524534332
6343 1991 4 431.354283857
6343 1991 5 227.710586262
6343 1991 6 37.4102629936
6343 1991 7 23.0857030941
6343 1991 8 12.665494256
6343 1991 9 6.21970145164
6343 1991 10 3.05467942472
6343 1991 11 2.76530686071
6343 1991 12 2.24640988588
6343 1992 1 37.2019143667
6343 1992 2 1207.95851894
6343 1992 3 1225.23693058
6343 1992 4 403.032236595
6343 1992 5 215.926521382
6343 1992 6 35.9513997635
6343 1992 7 26.1456343257
6343 1992 8 19.7928534092
6343 1992 9 10.7328613244
6343 1992 10 6.66841741168
6343 1992 11 12.3590181734
6343 1992 12 66.4417398836
6343 1993 1 2541.29110626
6343 1993 2 1570.32811759
6343 1993 3 752.241898847
6343 1993 4 373.937129101
6343 1993 5 196.292406392
6343 1993 6 100.112239886
6343 1993 7 39.3214295765
6343 1993 8 22.8852267449
6343 1993 9 12.2230386085
6343 1993 10 6.54809626175
6343 1993 11 3.00198201286
6343 1993 12 3.16273569501
6343 1994 1 2.32900417955
6343 1994 2 8.7626812492
6343 1994 3 29.4785660752
6343 1994 4 55.5199875654
6343 1994 5 70.0184993939
6343 1994 6 31.3646236734
6343 1994 7 20.9293958948
6343 1994 8 11.263214341
6343 1994 9 5.51430437329
6343 1994 10 3.37019118055
6343 1994 11 2.75200723887
6343 1994 12 2.63457943321
6343 1995 1 2055.10942433
6343 1995 2 786.063550017
6343 1995 3 2074.7345249
6343 1995 4 433.489861793
6343 1995 5 270.591628298
6343 1995 6 85.0434968945
6343 1995 7 51.9852018363
6343 1995 8 25.6167548725
6343 1995 9 14.7256271909
6343 1995 10 7.63846527405
6343 1995 11 3.32998781912
6343 1995 12 2.12954796661
6343 1996 1 3.27859574291
6343 1996 2 785.437017379
6343 1996 3 905.931768027
6343 1996 4 334.808650975
6343 1996 5 210.444691635
6343 1996 6 35.0558935
6343 1996 7 22.3551458303
6343 1996 8 12.1156734179
6343 1996 9 5.87531788005
6343 1996 10 2.48205064225
6343 1996 11 7.24593668817
6343 1996 12 227.583318286
6343 1997 1 626.82896185
6343 1997 2 384.912834675
6343 1997 3 239.858454251
6343 1997 4 39.4667112687
6343 1997 5 23.7151268431
6343 1997 6 14.2378689832
6343 1997 7 7.93908078118
6343 1997 8 3.86189477213
6343 1997 9 1.35582348364
6343 1997 10 1.33686468639
6343 1997 11 3.35598061561
6343 1997 12 20.0163262056
6343 1998 1 33.9781119678
6343 1998 2 1938.66592752
6343 1998 3 817.478202075
6343 1998 4 450.469737691
6343 1998 5 863.386855763
6343 1998 6 300.305808724
6343 1998 7 105.47157481
6343 1998 8 29.0738250136
6343 1998 9 18.2626597305
6343 1998 10 9.60673075031
6343 1998 11 5.51453377989
6343 1998 12 3.9336325282
6343 1999 1 2.52058537578
6343 1999 2 7.09906482426
6343 1999 3 9.17864695182
6343 1999 4 20.5180022281
6343 1999 5 25.1672452608
6343 1999 6 19.0755647618
6343 1999 7 12.8765498018
6343 1999 8 6.99318024699
6343 1999 9 2.76397787193
6343 1999 10 0.926006076391
6343 1999 11 0.971333477605
6343 1999 12 0.637020966809
6343 2000 1 1.12294632572
6343 2000 2 153.846972543
6343 2000 3 465.804739516
6343 2000 4 298.949697145
6343 2000 5 137.089620963
6343 2000 6 40.7531637653
6343 2000 7 23.8604781266
6343 2000 8 13.3854062931
6343 2000 9 6.76539653618
6343 2000 10 3.58144849548
6343 2000 11 3.62811352738
6343 2000 12 1.67282718656
6343 2001 1 12.7876599314
6343 2001 2 180.95454583
6343 2001 3 411.167724153
6343 2001 4 299.976003596
6343 2001 5 107.712349934
6343 2001 6 30.949169952
6343 2001 7 20.8614156587
6343 2001 8 11.1773887977
6343 2001 9 5.2947170648
6343 2001 10 1.8261642861
6343 2001 11 1.74723669011
6343 2001 12 5.101328696
6343 2002 1 5.25272913974
6343 2002 2 7.09349856736
6343 2002 3 6.94058615457
6343 2002 4 5.40198220008
6343 2002 5 2.53010414291
6343 2002 6 1.1722000646
6343 2002 7 0.451446670118
6343 2002 8 0.154056164905
6343 2002 9 0.0705953243114
6343 2002 10 0.198083060622
6343 2002 11 7.15880582018
6343 2002 12 15.1528689965
6343 2003 1 21.7870828525
6343 2003 2 174.133578708
6343 2003 3 718.081943172
6343 2003 4 300.000567961
6343 2003 5 211.567434533
6343 2003 6 59.5306176626
6343 2003 7 29.3813543255
6343 2003 8 18.8619037289
6343 2003 9 9.33836766886
6343 2003 10 4.86954056182
6343 2003 11 2.74900220807
6343 2003 12 2.50830085628
6343 2004 1 5.57544189939
6343 2004 2 37.2419460923
6343 2004 3 167.27368882
6343 2004 4 61.2146035657
6343 2004 5 31.0218729246
6343 2004 6 19.1400294633
6343 2004 7 10.3494941
6343 2004 8 4.96908414788
6343 2004 9 1.38238793459
6343 2004 10 68.7129241347
6343 2004 11 192.442458232
6343 2004 12 106.319216039
6343 2005 1 3201.70596408
6343 2005 2 2219.93720634
6343 2005 3 931.753694394
6343 2005 4 361.456978098
6343 2005 5 248.440470209
6343 2005 6 47.7888643871
6343 2005 7 25.8200421021
6343 2005 8 15.311634218
6343 2005 9 7.47492593393
6343 2005 10 6.64287568826
6343 2005 11 6.78343495782
6343 2005 12 4.91587175514
6343 2006 1 21.6108717243
6343 2006 2 18.3509256744
6343 2006 3 184.879236889
6343 2006 4 632.883441784
6343 2006 5 281.742472741
6343 2006 6 69.5735709921
6343 2006 7 28.4521150692
6343 2006 8 18.0654117457
6343 2006 9 8.71910243365
6343 2006 10 4.60896442306
6343 2006 11 1.36259842007
6343 2006 12 1.47148546968
6343 2007 1 1.51055052698
6343 2007 2 2.675808241
6343 2007 3 8.53682946727
6343 2007 4 7.58345728376
6343 2007 5 6.27989559393
6343 2007 6 3.257168815
6343 2007 7 1.39184212391
6343 2007 8 0.820568427311
6343 2007 9 1.56569656256
6343 2007 10 2.67819789636
6343 2007 11 1.48435239792
6343 2007 12 7.47054096494
6343 2008 1 481.549096282
6343 2008 2 442.548762774
6343 2008 3 303.180555205
6343 2008 4 67.4622171818
6343 2008 5 28.4943764001
6343 2008 6 25.4177839665
6343 2008 7 16.647483694
6343 2008 8 8.36412997312
6343 2008 9 4.26729516719
6343 2008 10 1.64139651413
6343 2008 11 2.29598998921
6343 2008 12 8.41842180113
6343 2009 1 17.703574563
6343 2009 2 111.248210298
6343 2009 3 97.6844821165
6343 2009 4 32.528101018
6343 2009 5 21.208355921
6343 2009 6 11.2740325396
6343 2009 7 5.85390141162
6343 2009 8 2.35273656519
6343 2009 9 1.0549087362
6343 2009 10 3.26326842711
6343 2009 11 3.37063259293
6343 2009 12 13.2932882544
6343 2010 1 128.374129078
6343 2010 2 530.84823986
6343 2010 3 390.650684053
6343 2010 4 264.236581789
6343 2010 5 81.765895732
6343 2010 6 28.6780170119
6343 2010 7 19.2202088126
6343 2010 8 9.87532990353
6343 2010 9 5.14356522938
6343 2010 10 4.28726166545
6343 2010 11 5.40274840534
6343 2010 12 511.586794381
6343 2011 1 456.664520623
6343 2011 2 280.000529352
6343 2011 3 393.132202804
6343 2011 4 318.765311881
6343 2011 5 132.246378522
6343 2011 6 29.3846576827
6343 2011 7 19.7726845839
6343 2011 8 10.6674031123
6343 2011 9 5.49875948704
6343 2011 10 3.90569348032
6343 2011 11 2.58045766007
6343 2011 12 2.65761197433
6343 2012 1 2.5165483912
6343 2012 2 3.8339668559
6343 2012 3 6.57265739458
6343 2012 4 24.6296138074
6343 2012 5 0
6343 2012 6 0
6343 2012 7 0
6343 2012 8 0
6343 2012 9 0
6343 2012 10 0
6343 2012 11 0
6343 2012 12 0
