6341 1986 1 650.312526091
6341 1986 2 1441.23052405
6341 1986 3 1676.74436634
6341 1986 4 728.695694603
6341 1986 5 657.358791464
6341 1986 6 600.891963091
6341 1986 7 620.043236254
6341 1986 8 620.001125233
6341 1986 9 600.001088741
6341 1986 10 620.001125002
6341 1986 11 600.001088556
6341 1986 12 369.668849745
6341 1987 1 16.4489818193
6341 1987 2 15.5581337615
6341 1987 3 21.9958606981
6341 1987 4 19.0217845236
6341 1987 5 11.2957382737
6341 1987 6 6.92904560116
6341 1987 7 2.86898079287
6341 1987 8 1.37369790748
6341 1987 9 1.02923983412
6341 1987 10 15.2900714891
6341 1987 11 566.102121445
6341 1987 12 656.093903578
6341 1988 1 656.3936778
6341 1988 2 616.306285642
6341 1988 3 652.856512882
6341 1988 4 635.898342664
6341 1988 5 636.4857088
6341 1988 6 600.662885782
6341 1988 7 620.05357474
6341 1988 8 620.001125219
6341 1988 9 600.001088686
6341 1988 10 307.212564183
6341 1988 11 7.88300125621
6341 1988 12 182.640444339
6341 1989 1 634.417634808
6341 1989 2 602.300655778
6341 1989 3 642.023233583
6341 1989 4 602.953732356
6341 1989 5 620.154748924
6341 1989 6 600.001088978
6341 1989 7 620.001125102
6341 1989 8 486.619626334
6341 1989 9 3.13400569367
6341 1989 10 2.72599866096
6341 1989 11 3.30295881367
6341 1989 12 2.66498791699
6341 1990 1 15.0335371033
6341 1990 2 180.100309445
6341 1990 3 623.632527111
6341 1990 4 606.692598882
6341 1990 5 622.683273151
6341 1990 6 600.925261611
6341 1990 7 620.054951486
6341 1990 8 620.001125233
6341 1990 9 600.001088698
6341 1990 10 261.077754758
6341 1990 11 2.66547449764
6341 1990 12 1.48486161104
6341 1991 1 11.8217488187
6341 1991 2 44.1551002552
6341 1991 3 1528.83178734
6341 1991 4 801.379821434
6341 1991 5 658.556241149
6341 1991 6 601.053290475
6341 1991 7 620.066083339
6341 1991 8 620.001125238
6341 1991 9 600.001088706
6341 1991 10 299.320651927
6341 1991 11 3.92488459087
6341 1991 12 7.8953085046
6341 1992 1 332.561903794
6341 1992 2 1881.50649456
6341 1992 3 1854.40448652
6341 1992 4 766.188324978
6341 1992 5 656.650927738
6341 1992 6 600.841843845
6341 1992 7 620.777462434
6341 1992 8 620.026573876
6341 1992 9 600.001088905
6341 1992 10 620.00112497
6341 1992 11 600.00108869
6341 1992 12 636.142600138
6341 1993 1 3485.47214265
6341 1993 2 2255.88463475
6341 1993 3 1240.91013803
6341 1993 4 722.368731118
6341 1993 5 656.222235708
6341 1993 6 617.487073675
6341 1993 7 621.137751268
6341 1993 8 620.056689663
6341 1993 9 600.001088935
6341 1993 10 620.001124996
6341 1993 11 310.122394091
6341 1993 12 5.73868610299
6341 1994 1 4.35776662078
6341 1994 2 18.2646476779
6341 1994 3 137.938607841
6341 1994 4 604.349934836
6341 1994 5 626.750825306
6341 1994 6 600.48104823
6341 1994 7 620.047388358
6341 1994 8 620.001125211
6341 1994 9 600.001088662
6341 1994 10 263.315582724
6341 1994 11 5.64405640196
6341 1994 12 6.0012246173
6341 1995 1 2797.13187681
6341 1995 2 1260.40539363
6341 1995 3 2891.7373339
6341 1995 4 812.14774377
6341 1995 5 659.430692787
6341 1995 6 611.633718621
6341 1995 7 623.045905675
6341 1995 8 620.12735358
6341 1995 9 600.001088975
6341 1995 10 620.001125083
6341 1995 11 447.217339138
6341 1995 12 4.7490934958
6341 1996 1 14.9237025908
6341 1996 2 1197.39331504
6341 1996 3 1455.48469106
6341 1996 4 672.824947119
6341 1996 5 655.149824513
6341 1996 6 600.824461039
6341 1996 7 620.040589999
6341 1996 8 620.001125224
6341 1996 9 600.001088683
6341 1996 10 230.278549152
6341 1996 11 19.25202702
6341 1996 12 503.623695185
6341 1997 1 1134.7140378
6341 1997 2 730.820888168
6341 1997 3 652.976270156
6341 1997 4 601.355330894
6341 1997 5 620.067449266
6341 1997 6 600.080677183
6341 1997 7 620.001125098
6341 1997 8 489.988381593
6341 1997 9 3.2267402026
6341 1997 10 2.26326962181
6341 1997 11 10.5996989074
6341 1997 12 82.8890349945
6341 1998 1 620.394499136
6341 1998 2 2735.93790094
6341 1998 3 1352.09701314
6341 1998 4 845.61557813
6341 1998 5 1393.69908704
6341 1998 6 620.047918974
6341 1998 7 638.119571946
6341 1998 8 620.264787178
6341 1998 9 600.02125656
6341 1998 10 620.001125164
6341 1998 11 600.001088614
6341 1998 12 220.002879533
6341 1999 1 6.04895144113
6341 1999 2 11.2289409307
6341 1999 3 11.9647360582
6341 1999 4 103.866838891
6341 1999 5 620.001124833
6341 1999 6 600.001088715
6341 1999 7 620.001124979
6341 1999 8 500.064323871
6341 1999 9 3.47271461108
6341 1999 10 2.08707080634
6341 1999 11 1.99588917337
6341 1999 12 1.75907002232
6341 2000 1 3.69663203639
6341 2000 2 304.254468
6341 2000 3 853.738095288
6341 2000 4 640.873004095
6341 2000 5 648.14516668
6341 2000 6 601.426372104
6341 2000 7 620.084061132
6341 2000 8 620.001125252
6341 2000 9 600.001088741
6341 2000 10 385.642975395
6341 2000 11 4.81332011867
6341 2000 12 2.3858895293
6341 2001 1 26.9472460862
6341 2001 2 529.751857271
6341 2001 3 794.843838263
6341 2001 4 616.380909095
6341 2001 5 638.084124483
6341 2001 6 600.503561158
6341 2001 7 620.042000559
6341 2001 8 620.001125208
6341 2001 9 600.001088652
6341 2001 10 162.822998197
6341 2001 11 5.77929111352
6341 2001 12 9.0171779018
6341 2002 1 9.34762404526
6341 2002 2 9.2981862317
6341 2002 3 9.41408448797
6341 2002 4 6.1071719704
6341 2002 5 3.44540094816
6341 2002 6 1.68542854815
6341 2002 7 0.972451509912
6341 2002 8 0.678590218162
6341 2002 9 0.685801660676
6341 2002 10 0.660705478722
6341 2002 11 14.7484440633
6341 2002 12 23.3395132039
6341 2003 1 24.4210503282
6341 2003 2 384.729463977
6341 2003 3 1235.60421278
6341 2003 4 633.477563852
6341 2003 5 663.352497665
6341 2003 6 604.336988889
6341 2003 7 620.27035783
6341 2003 8 620.01401884
6341 2003 9 600.001088875
6341 2003 10 620.001124882
6341 2003 11 98.7609943976
6341 2003 12 7.27106153528
6341 2004 1 7.69560946181
6341 2004 2 125.938637925
6341 2004 3 657.60854869
6341 2004 4 605.414874804
6341 2004 5 620.499816132
6341 2004 6 600.016753418
6341 2004 7 620.001125186
6341 2004 8 620.001124898
6341 2004 9 72.7685363489
6341 2004 10 297.7271364
6341 2004 11 630.079219743
6341 2004 12 672.883684569
6341 2005 1 4242.7497352
6341 2005 2 3045.20810843
6341 2005 3 1482.21787607
6341 2005 4 712.714631479
6341 2005 5 643.961515014
6341 2005 6 602.484548111
6341 2005 7 620.159867959
6341 2005 8 620.001125277
6341 2005 9 600.001088801
6341 2005 10 620.001124872
6341 2005 11 363.209324651
6341 2005 12 12.3776541431
6341 2006 1 350.829347207
6341 2006 2 560.001016002
6341 2006 3 698.192477467
6341 2006 4 1105.98420085
6341 2006 5 646.240968998
6341 2006 6 606.898516961
6341 2006 7 620.237336892
6341 2006 8 620.006331381
6341 2006 9 600.001088858
6341 2006 10 617.624265542
6341 2006 11 9.02872467396
6341 2006 12 3.65577540549
6341 2007 1 3.18928086836
6341 2007 2 9.62605246488
6341 2007 3 12.7859765216
6341 2007 4 10.8406390006
6341 2007 5 7.96815268841
6341 2007 6 4.34598430026
6341 2007 7 2.48047568207
6341 2007 8 2.09569312726
6341 2007 9 4.92804122137
6341 2007 10 4.76352152891
6341 2007 11 3.56918413357
6341 2007 12 17.6038055795
6341 2008 1 900.473283238
6341 2008 2 830.725607717
6341 2008 3 653.959799791
6341 2008 4 606.238722057
6341 2008 5 622.181528271
6341 2008 6 600.185454902
6341 2008 7 620.00276859
6341 2008 8 620.001125126
6341 2008 9 572.102541847
6341 2008 10 3.0621350265
6341 2008 11 7.35126595869
6341 2008 12 18.7230652132
6341 2009 1 23.8118512171
6341 2009 2 486.303734701
6341 2009 3 633.144424577
6341 2009 4 600.807935951
6341 2009 5 620.043420263
6341 2009 6 600.001088922
6341 2009 7 620.001124964
6341 2009 8 220.671414778
6341 2009 9 2.20445957861
6341 2009 10 7.30695973303
6341 2009 11 4.71921537063
6341 2009 12 27.596456378
6341 2010 1 544.647208215
6341 2010 2 969.812538435
6341 2010 3 762.353030644
6341 2010 4 630.318843891
6341 2010 5 630.095388668
6341 2010 6 600.264518237
6341 2010 7 620.011469158
6341 2010 8 620.001125174
6341 2010 9 600.001088614
6341 2010 10 179.107563762
6341 2010 11 9.77269659696
6341 2010 12 848.461215468
6341 2011 1 861.86863355
6341 2011 2 613.414209569
6341 2011 3 803.205330183
6341 2011 4 651.31043673
6341 2011 5 644.56321131
6341 2011 6 600.33344901
6341 2011 7 620.023392875
6341 2011 8 620.001125197
6341 2011 9 600.00108865
6341 2011 10 300.845334237
6341 2011 11 5.150292458
6341 2011 12 4.87026863846
6341 2012 1 5.8077795608
6341 2012 2 7.41711600483
6341 2012 3 14.0108488297
6341 2012 4 86.9887589425
6341 2012 5 0
6341 2012 6 0
6341 2012 7 0
6341 2012 8 0
6341 2012 9 0
6341 2012 10 0
6341 2012 11 0
6341 2012 12 0
