6309 1986 1 862.946897842
6309 1986 2 1149.48859401
6309 1986 3 1060.37385223
6309 1986 4 905.761531871
6309 1986 5 930.017245853
6309 1986 6 900.001589948
6309 1986 7 586.345746024
6309 1986 8 1.39407089747
6309 1986 9 3.08450402021
6309 1986 10 2.80897025426
6309 1986 11 2.30987079047
6309 1986 12 1.45657465269
6309 1987 1 2.35086132752
6309 1987 2 1.38605275243
6309 1987 3 1.51844171798
6309 1987 4 1.04309628106
6309 1987 5 0.733995066536
6309 1987 6 0.797594820967
6309 1987 7 0.855681360882
6309 1987 8 1.13722147951
6309 1987 9 1.00311986811
6309 1987 10 5.71638906755
6309 1987 11 10.6229421195
6309 1987 12 5.68202193298
6309 1988 1 5.97563503497
6309 1988 2 5.3118937455
6309 1988 3 6.2214034957
6309 1988 4 5.39865618697
6309 1988 5 3.94852023108
6309 1988 6 1.90518066175
6309 1988 7 1.2809101569
6309 1988 8 1.09046488729
6309 1988 9 1.05851194202
6309 1988 10 0.725946968818
6309 1988 11 0.918565941221
6309 1988 12 6.96769554461
6309 1989 1 5.19388660737
6309 1989 2 4.72717356851
6309 1989 3 3.13017057888
6309 1989 4 1.79268837481
6309 1989 5 1.08322911745
6309 1989 6 0.924078840816
6309 1989 7 1.19688931144
6309 1989 8 1.07775353354
6309 1989 9 0.989901342084
6309 1989 10 0.936140628742
6309 1989 11 1.08810241111
6309 1989 12 0.886635337692
6309 1990 1 0.959323595341
6309 1990 2 15.9638628173
6309 1990 3 9.37359638472
6309 1990 4 3.08432182737
6309 1990 5 2.17515849229
6309 1990 6 1.9902870822
6309 1990 7 1.82917543953
6309 1990 8 1.24830462375
6309 1990 9 1.33668359639
6309 1990 10 1.13701558883
6309 1990 11 1.33442329356
6309 1990 12 1.07695335437
6309 1991 1 1.21844684198
6309 1991 2 4.74730409061
6309 1991 3 143.647996771
6309 1991 4 900.001589569
6309 1991 5 352.854153725
6309 1991 6 2.44725588954
6309 1991 7 1.24563110898
6309 1991 8 0.913609774459
6309 1991 9 0.742724393142
6309 1991 10 0.791664703707
6309 1991 11 0.864704137664
6309 1991 12 3.1403029439
6309 1992 1 14.6413199711
6309 1992 2 636.99861186
6309 1992 3 964.379494727
6309 1992 4 903.801420113
6309 1992 5 930.00263775
6309 1992 6 900.001589866
6309 1992 7 425.788791255
6309 1992 8 1.54449211516
6309 1992 9 1.23954593208
6309 1992 10 1.25881953574
6309 1992 11 1.11707517759
6309 1992 12 11.2622490306
6309 1993 1 1019.80079198
6309 1993 2 1403.28454407
6309 1993 3 1004.5324044
6309 1993 4 906.145682283
6309 1993 5 930.029357398
6309 1993 6 900.001589979
6309 1993 7 710.2865
6309 1993 8 1.53953591115
6309 1993 9 1.12721878305
6309 1993 10 0.929770273727
6309 1993 11 0.994191667958
6309 1993 12 1.25101328012
6309 1994 1 0.740374189722
6309 1994 2 9.26087878978
6309 1994 3 8.6357427958
6309 1994 4 3.78304989294
6309 1994 5 1.50712118443
6309 1994 6 1.28391198802
6309 1994 7 1.06762080297
6309 1994 8 1.34174297396
6309 1994 9 1.2377439487
6309 1994 10 1.11360648792
6309 1994 11 1.13281698423
6309 1994 12 1.51472003021
6309 1995 1 1315.01917912
6309 1995 2 872.842737045
6309 1995 3 1102.42736166
6309 1995 4 907.562132396
6309 1995 5 930.143944098
6309 1995 6 900.001590069
6309 1995 7 865.672982126
6309 1995 8 1.70845771781
6309 1995 9 1.3720451642
6309 1995 10 0.891715821922
6309 1995 11 0.452872155269
6309 1995 12 1.46004551988
6309 1996 1 1.56263843407
6309 1996 2 195.870157536
6309 1996 3 930.001642697
6309 1996 4 900.001589751
6309 1996 5 459.484041461
6309 1996 6 2.13349983364
6309 1996 7 1.4482258537
6309 1996 8 1.27794760017
6309 1996 9 1.22994530515
6309 1996 10 1.47414339662
6309 1996 11 3.67102586803
6309 1996 12 487.952067656
6309 1997 1 941.33681649
6309 1997 2 843.954147115
6309 1997 3 930.010115952
6309 1997 4 900.001589895
6309 1997 5 475.551554798
6309 1997 6 1.27239625218
6309 1997 7 1.21384207981
6309 1997 8 1.18390119901
6309 1997 9 1.28261502707
6309 1997 10 1.19850197062
6309 1997 11 2.00714520997
6309 1997 12 16.3941506612
6309 1998 1 5.46373761801
6309 1998 2 1261.44101151
6309 1998 3 1060.28839865
6309 1998 4 921.688432858
6309 1998 5 938.482069148
6309 1998 6 900.067770066
6309 1998 7 930.001642989
6309 1998 8 655.309580507
6309 1998 9 1.37906133744
6309 1998 10 0.978129041424
6309 1998 11 1.59677192934
6309 1998 12 1.06687399701
6309 1999 1 1.09884271741
6309 1999 2 0.982295578134
6309 1999 3 1.7382341541
6309 1999 4 4.4058116287
6309 1999 5 2.1726792582
6309 1999 6 1.38143945507
6309 1999 7 1.12075873449
6309 1999 8 1.20870104126
6309 1999 9 0.924451562925
6309 1999 10 0.975122879376
6309 1999 11 0.947113320318
6309 1999 12 0.75101243135
6309 2000 1 0.860548200553
6309 2000 2 238.413476508
6309 2000 3 931.070339577
6309 2000 4 900.00159028
6309 2000 5 930.001643083
6309 2000 6 862.740420092
6309 2000 7 1.8097415028
6309 2000 8 1.3924765261
6309 2000 9 1.10587798421
6309 2000 10 1.32105334063
6309 2000 11 1.17487802485
6309 2000 12 0.607797563708
6309 2001 1 559.290549288
6309 2001 2 919.649042051
6309 2001 3 973.790072906
6309 2001 4 902.402332506
6309 2001 5 930.003578215
6309 2001 6 900.001589892
6309 2001 7 474.139771741
6309 2001 8 1.22237964208
6309 2001 9 0.839914709502
6309 2001 10 0.628862109404
6309 2001 11 1.54578039627
6309 2001 12 2.19719436741
6309 2002 1 1.63293273624
6309 2002 2 1.52376029895
6309 2002 3 1.03003792501
6309 2002 4 0.567714419961
6309 2002 5 0.763913791747
6309 2002 6 0.818968328644
6309 2002 7 0.844023625318
6309 2002 8 0.90088255079
6309 2002 9 0.870592677276
6309 2002 10 0.583004030478
6309 2002 11 2.63019906075
6309 2002 12 9.71579476957
6309 2003 1 5.47818414807
6309 2003 2 23.2816931799
6309 2003 3 529.045763601
6309 2003 4 900.137164675
6309 2003 5 930.001643156
6309 2003 6 900.001589737
6309 2003 7 173.0386321
6309 2003 8 1.39032605755
6309 2003 9 0.975590334469
6309 2003 10 0.612686884347
6309 2003 11 0.512004024982
6309 2003 12 1.33949099684
6309 2004 1 1.42492797329
6309 2004 2 150.860899314
6309 2004 3 930.001642623
6309 2004 4 464.271884882
6309 2004 5 2.82915428485
6309 2004 6 1.26688055096
6309 2004 7 1.14439450577
6309 2004 8 1.08901515463
6309 2004 9 1.26688472739
6309 2004 10 8.28327170477
6309 2004 11 7.74059458653
6309 2004 12 88.265577139
6309 2005 1 1422.53477338
6309 2005 2 1384.53882282
6309 2005 3 984.633001955
6309 2005 4 904.201479949
6309 2005 5 930.151414986
6309 2005 6 900.001590035
6309 2005 7 770.684152791
6309 2005 8 1.39083401418
6309 2005 9 1.07042515837
6309 2005 10 1.47188123143
6309 2005 11 1.18752297622
6309 2005 12 3.62505649786
6309 2006 1 8.26327863254
6309 2006 2 3.52163510043
6309 2006 3 11.1306376658
6309 2006 4 30.1366952694
6309 2006 5 9.06336932673
6309 2006 6 3.88660510223
6309 2006 7 2.22626590653
6309 2006 8 1.49090457406
6309 2006 9 1.26594090254
6309 2006 10 0.967533368393
6309 2006 11 0.73081147527
6309 2006 12 0.798603943824
6309 2007 1 0.459824149411
6309 2007 2 0.58506344804
6309 2007 3 0.369306781872
6309 2007 4 0.464181403124
6309 2007 5 0.430334718218
6309 2007 6 0.430141871986
6309 2007 7 0.592440590208
6309 2007 8 0.609041780914
6309 2007 9 0.934841002181
6309 2007 10 1.30832959243
6309 2007 11 0.669529975095
6309 2007 12 2.02019756272
6309 2008 1 168.602436457
6309 2008 2 873.412339421
6309 2008 3 931.017103032
6309 2008 4 900.001590146
6309 2008 5 930.001642701
6309 2008 6 107.54727942
6309 2008 7 0.958626194816
6309 2008 8 0.703162213423
6309 2008 9 0.513966439747
6309 2008 10 0.386820608369
6309 2008 11 0.712249993336
6309 2008 12 6.10484889197
6309 2009 1 4.42270209042
6309 2009 2 27.7503190633
6309 2009 3 16.7460569298
6309 2009 4 4.52902035402
6309 2009 5 1.79446579664
6309 2009 6 0.732828450773
6309 2009 7 0.785678227878
6309 2009 8 0.662003923386
6309 2009 9 0.548626702963
6309 2009 10 4.36904669094
6309 2009 11 1.8115159598
6309 2009 12 7.79300699167
6309 2010 1 307.487497749
6309 2010 2 910.394926638
6309 2010 3 937.55496766
6309 2010 4 900.220864651
6309 2010 5 930.001643128
6309 2010 6 900.001589681
6309 2010 7 70.5174001421
6309 2010 8 0.840850707742
6309 2010 9 0.57170337857
6309 2010 10 1.05695473494
6309 2010 11 0.767270960987
6309 2010 12 374.268432158
6309 2011 1 943.82877017
6309 2011 2 843.305274992
6309 2011 3 1058.93751578
6309 2011 4 912.478036603
6309 2011 5 930.116106939
6309 2011 6 900.001590078
6309 2011 7 862.585469854
6309 2011 8 1.24642514881
6309 2011 9 0.6536915929
6309 2011 10 1.68902221846
6309 2011 11 2.21716677099
6309 2011 12 2.1882800952
6309 2012 1 2.23904745576
6309 2012 2 1.42587854892
6309 2012 3 2.72909652592
6309 2012 4 4.97111424791
6309 2012 5 0
6309 2012 6 0
6309 2012 7 0
6309 2012 8 0
6309 2012 9 0
6309 2012 10 0
6309 2012 11 0
6309 2012 12 0
