6334 1986 1 153.822009773
6334 1986 2 198.609914294
6334 1986 3 239.788753897
6334 1986 4 77.0950683391
6334 1986 5 23.4293978702
6334 1986 6 7.80985827031
6334 1986 7 3.38086260533
6334 1986 8 1.999663686
6334 1986 9 8.35540728409
6334 1986 10 3.28954852723
6334 1986 11 6.91054105905
6334 1986 12 3.27524292361
6334 1987 1 12.502589761
6334 1987 2 11.6623053931
6334 1987 3 10.4123316157
6334 1987 4 4.82833281194
6334 1987 5 1.98363350373
6334 1987 6 1.77183527567
6334 1987 7 0.804273003029
6334 1987 8 1.92941402292
6334 1987 9 1.3460214077
6334 1987 10 22.5983023642
6334 1987 11 27.5993766957
6334 1987 12 27.1560076567
6334 1988 1 38.1419572357
6334 1988 2 36.7717933127
6334 1988 3 27.7864420169
6334 1988 4 36.1141066412
6334 1988 5 17.8987739366
6334 1988 6 5.94666400699
6334 1988 7 2.62954489643
6334 1988 8 1.51262904984
6334 1988 9 4.99214682575
6334 1988 10 1.81007832771
6334 1988 11 8.9484450888
6334 1988 12 28.3876990438
6334 1989 1 16.01034575
6334 1989 2 55.6479290441
6334 1989 3 28.5094375699
6334 1989 4 11.1967997755
6334 1989 5 4.7729496722
6334 1989 6 2.38563345894
6334 1989 7 1.70705180664
6334 1989 8 1.39309033163
6334 1989 9 3.07383090908
6334 1989 10 2.86387324911
6334 1989 11 3.55947628224
6334 1989 12 1.80782786045
6334 1990 1 17.8844831699
6334 1990 2 26.3368968621
6334 1990 3 10.6600405248
6334 1990 4 10.9754306065
6334 1990 5 10.9972882733
6334 1990 6 5.16226849099
6334 1990 7 3.01842870195
6334 1990 8 1.80865422292
6334 1990 9 1.95498111579
6334 1990 10 1.71521771506
6334 1990 11 3.30346709946
6334 1990 12 1.1530055024
6334 1991 1 11.6476854207
6334 1991 2 43.7728081548
6334 1991 3 277.77964984
6334 1991 4 86.580016222
6334 1991 5 24.6494660611
6334 1991 6 7.7213398278
6334 1991 7 3.1496384444
6334 1991 8 1.7522605765
6334 1991 9 1.47987482049
6334 1991 10 4.33762353871
6334 1991 11 2.02780638289
6334 1991 12 12.2605819507
6334 1992 1 24.2864148462
6334 1992 2 373.98527334
6334 1992 3 376.430247901
6334 1992 4 99.0503131668
6334 1992 5 29.1369460713
6334 1992 6 9.5539622619
6334 1992 7 13.0893330453
6334 1992 8 4.68335368366
6334 1992 9 2.50224097342
6334 1992 10 12.6554713208
6334 1992 11 4.64567095321
6334 1992 12 59.300270439
6334 1993 1 769.146282992
6334 1993 2 567.770219873
6334 1993 3 200.84814609
6334 1993 4 84.227944276
6334 1993 5 25.4952303176
6334 1993 6 34.4861606861
6334 1993 7 10.1823184868
6334 1993 8 3.74390267073
6334 1993 9 2.01466023447
6334 1993 10 1.6045981156
6334 1993 11 4.49922186162
6334 1993 12 6.03353060459
6334 1994 1 4.3077889742
6334 1994 2 20.3292056128
6334 1994 3 24.2531117091
6334 1994 4 17.8386481692
6334 1994 5 23.4299533943
6334 1994 6 9.28753067999
6334 1994 7 4.19908608325
6334 1994 8 2.585651105
6334 1994 9 1.97263884502
6334 1994 10 4.78989078761
6334 1994 11 5.83330166111
6334 1994 12 7.4887594474
6334 1995 1 590.573251429
6334 1995 2 190.279618607
6334 1995 3 530.680849145
6334 1995 4 104.624989157
6334 1995 5 35.0995566513
6334 1995 6 29.1625243129
6334 1995 7 14.8769240528
6334 1995 8 5.60061059376
6334 1995 9 2.59568549349
6334 1995 10 1.79976723143
6334 1995 11 1.27937870563
6334 1995 12 5.55957745021
6334 1996 1 23.9199819047
6334 1996 2 402.784788291
6334 1996 3 228.145607045
6334 1996 4 71.0859758559
6334 1996 5 24.3835427406
6334 1996 6 7.92593504874
6334 1996 7 3.46156299
6334 1996 8 1.90064059411
6334 1996 9 1.5286312548
6334 1996 10 6.00775364383
6334 1996 11 19.8538722363
6334 1996 12 84.0089361161
6334 1997 1 202.750809823
6334 1997 2 83.623823459
6334 1997 3 27.4527729803
6334 1997 4 8.2738013264
6334 1997 5 3.40661978659
6334 1997 6 2.50169226591
6334 1997 7 1.37019900192
6334 1997 8 1.2007019125
6334 1997 9 3.55210345022
6334 1997 10 1.65155837936
6334 1997 11 12.0485326248
6334 1997 12 25.0290018812
6334 1998 1 21.1483928809
6334 1998 2 654.035120235
6334 1998 3 264.92768552
6334 1998 4 133.838734204
6334 1998 5 291.835283066
6334 1998 6 55.8535840828
6334 1998 7 20.6615063282
6334 1998 8 7.912148033
6334 1998 9 3.12809054083
6334 1998 10 1.82587975682
6334 1998 11 5.9314135948
6334 1998 12 1.87476435132
6334 1999 1 7.68503125009
6334 1999 2 7.26680207438
6334 1999 3 6.03669231749
6334 1999 4 17.7841830547
6334 1999 5 6.20176534061
6334 1999 6 5.82457928403
6334 1999 7 2.59138159943
6334 1999 8 1.85530023222
6334 1999 9 1.32986160972
6334 1999 10 2.20529041505
6334 1999 11 1.73789079407
6334 1999 12 1.58038313041
6334 2000 1 5.15246968913
6334 2000 2 61.8009384477
6334 2000 3 88.9279429532
6334 2000 4 51.8761043407
6334 2000 5 24.3341971826
6334 2000 6 8.12951456799
6334 2000 7 3.40958980639
6334 2000 8 2.13625462079
6334 2000 9 2.97592348797
6334 2000 10 4.69242480462
6334 2000 11 1.48679812872
6334 2000 12 1.11768171981
6334 2001 1 23.7451132073
6334 2001 2 70.6005048486
6334 2001 3 84.9754617735
6334 2001 4 47.8986373435
6334 2001 5 18.0762381875
6334 2001 6 6.74523702781
6334 2001 7 3.28523789937
6334 2001 8 1.8103906385
6334 2001 9 1.37788806064
6334 2001 10 1.44416999406
6334 2001 11 10.0106886912
6334 2001 12 8.35159377343
6334 2002 1 8.80134153536
6334 2002 2 4.32187971911
6334 2002 3 4.70418351882
6334 2002 4 1.44854248845
6334 2002 5 2.22723819784
6334 2002 6 1.22446096987
6334 2002 7 1.00557418603
6334 2002 8 1.00124341984
6334 2002 9 1.17956544941
6334 2002 10 0.887108447895
6334 2002 11 20.5431114226
6334 2002 12 16.0076119509
6334 2003 1 4.78309761695
6334 2003 2 60.66777955
6334 2003 3 184.478163953
6334 2003 4 47.1909476262
6334 2003 5 43.020568004
6334 2003 6 14.9233020268
6334 2003 7 6.63504630367
6334 2003 8 3.28971723532
6334 2003 9 1.95728299575
6334 2003 10 3.66459906133
6334 2003 11 3.19693530015
6334 2003 12 11.5492730601
6334 2004 1 4.27111822933
6334 2004 2 82.5968957892
6334 2004 3 63.0138212575
6334 2004 4 20.6381187948
6334 2004 5 7.8265901854
6334 2004 6 2.69685993798
6334 2004 7 1.68093788654
6334 2004 8 1.27284861904
6334 2004 9 1.31302003932
6334 2004 10 102.07311703
6334 2004 11 37.4656857911
6334 2004 12 85.9980853805
6334 2005 1 975.883981182
6334 2005 2 659.759507914
6334 2005 3 225.828318802
6334 2005 4 68.6362596044
6334 2005 5 32.87676628
6334 2005 6 10.7846691285
6334 2005 7 5.2706632902
6334 2005 8 2.63937026296
6334 2005 9 2.38477152165
6334 2005 10 14.2563330572
6334 2005 11 3.1567530486
6334 2005 12 8.80171808252
6334 2006 1 21.0281358597
6334 2006 2 19.3576663417
6334 2006 3 69.9979462393
6334 2006 4 208.747202972
6334 2006 5 36.9153623667
6334 2006 6 12.9650015092
6334 2006 7 5.74027558878
6334 2006 8 2.39294368279
6334 2006 9 1.88620388664
6334 2006 10 1.57155030502
6334 2006 11 1.23006689856
6334 2006 12 4.75456130477
6334 2007 1 3.20760595241
6334 2007 2 13.8143633433
6334 2007 3 4.82318808916
6334 2007 4 6.71481819227
6334 2007 5 3.0892899385
6334 2007 6 2.01592944578
6334 2007 7 2.07137224813
6334 2007 8 2.43765356048
6334 2007 9 6.74579518013
6334 2007 10 2.68783495314
6334 2007 11 4.19012325893
6334 2007 12 17.7967220023
6334 2008 1 267.082249329
6334 2008 2 172.610814482
6334 2008 3 65.7672833428
6334 2008 4 19.075353001
6334 2008 5 16.4844893998
6334 2008 6 6.38506853564
6334 2008 7 3.72391480028
6334 2008 8 2.62437315525
6334 2008 9 2.16926378369
6334 2008 10 2.77458953618
6334 2008 11 9.71478154804
6334 2008 12 12.2826327914
6334 2009 1 7.98417782956
6334 2009 2 47.0843240882
6334 2009 3 15.7239445687
6334 2009 4 6.34679290437
6334 2009 5 3.13947089799
6334 2009 6 1.66971896634
6334 2009 7 2.29574635814
6334 2009 8 2.46344681337
6334 2009 9 2.19093006497
6334 2009 10 8.36948087347
6334 2009 11 2.54512582168
6334 2009 12 31.8834336679
6334 2010 1 100.681350286
6334 2010 2 204.261624951
6334 2010 3 108.698950971
6334 2010 4 60.1026507294
6334 2010 5 21.9875391812
6334 2010 6 7.1622967591
6334 2010 7 3.36329458738
6334 2010 8 2.8819240786
6334 2010 9 2.46284477461
6334 2010 10 16.5503301795
6334 2010 11 10.118087069
6334 2010 12 340.884195039
6334 2011 1 124.769946837
6334 2011 2 104.475249814
6334 2011 3 151.322808025
6334 2011 4 64.7561206718
6334 2011 5 24.7817631194
6334 2011 6 8.5069635102
6334 2011 7 4.76156514774
6334 2011 8 3.35612975291
6334 2011 9 2.54193817832
6334 2011 10 5.8995623753
6334 2011 11 6.90723932171
6334 2011 12 5.37877170268
6334 2012 1 5.91980946474
6334 2012 2 5.81103409436
6334 2012 3 10.5568615359
6334 2012 4 16.6221454737
6334 2012 5 0
6334 2012 6 0
6334 2012 7 0
6334 2012 8 0
6334 2012 9 0
6334 2012 10 0
6334 2012 11 0
6334 2012 12 0
