5157 1986 1 4499.95734795
5157 1986 2 8767.93381965
5157 1986 3 8988.99129358
5157 1986 4 1409.16324688
5157 1986 5 609.481345268
5157 1986 6 431.121291192
5157 1986 7 328.956725645
5157 1986 8 283.998736939
5157 1986 9 1492.23207369
5157 1986 10 390.318585502
5157 1986 11 1085.47243196
5157 1986 12 360.477365746
5157 1987 1 2612.23875552
5157 1987 2 1130.4921977
5157 1987 3 985.261899495
5157 1987 4 279.83374352
5157 1987 5 184.360571564
5157 1987 6 186.550416727
5157 1987 7 123.009908218
5157 1987 8 188.177211754
5157 1987 9 203.07103406
5157 1987 10 2397.19281743
5157 1987 11 1017.42549192
5157 1987 12 2314.84270236
5157 1988 1 2995.53041404
5157 1988 2 1386.02298135
5157 1988 3 477.55351351
5157 1988 4 2642.75114211
5157 1988 5 416.023042562
5157 1988 6 329.669025765
5157 1988 7 252.900838992
5157 1988 8 218.571246329
5157 1988 9 205.184549057
5157 1988 10 164.63642039
5157 1988 11 1034.89567009
5157 1988 12 4312.92107385
5157 1989 1 852.888560487
5157 1989 2 2061.70368736
5157 1989 3 1316.31637946
5157 1989 4 383.308253677
5157 1989 5 280.219027252
5157 1989 6 230.005821051
5157 1989 7 302.340470993
5157 1989 8 266.32724771
5157 1989 9 612.401240526
5157 1989 10 563.801244262
5157 1989 11 445.671664381
5157 1989 12 267.871694582
5157 1990 1 1989.77631298
5157 1990 2 4141.75471351
5157 1990 3 400.573409458
5157 1990 4 606.179976423
5157 1990 5 1387.98155174
5157 1990 6 312.360489903
5157 1990 7 407.396868453
5157 1990 8 303.057939405
5157 1990 9 386.41918429
5157 1990 10 255.389233603
5157 1990 11 370.217195927
5157 1990 12 106.731462314
5157 1991 1 2311.18467225
5157 1991 2 5849.935736
5157 1991 3 7706.609152
5157 1991 4 763.925784366
5157 1991 5 486.020268612
5157 1991 6 316.713269955
5157 1991 7 260.245320102
5157 1991 8 229.88648398
5157 1991 9 225.870550982
5157 1991 10 590.335010494
5157 1991 11 157.193595907
5157 1991 12 2468.90718393
5157 1992 1 2600.13218297
5157 1992 2 10722.789764
5157 1992 3 8913.37440921
5157 1992 4 821.846466728
5157 1992 5 565.260280483
5157 1992 6 409.50109711
5157 1992 7 466.366052769
5157 1992 8 287.055982752
5157 1992 9 249.344228082
5157 1992 10 1223.02030844
5157 1992 11 199.450734611
5157 1992 12 6785.74984192
5157 1993 1 22584.5774621
5157 1993 2 14494.2559559
5157 1993 3 3214.49685541
5157 1993 4 779.500507117
5157 1993 5 592.274117116
5157 1993 6 1489.49243042
5157 1993 7 361.568776842
5157 1993 8 252.165999131
5157 1993 9 219.706171652
5157 1993 10 204.029530602
5157 1993 11 792.263182482
5157 1993 12 1115.8608087
5157 1994 1 415.576442055
5157 1994 2 3458.40515813
5157 1994 3 2534.58840593
5157 1994 4 1056.43819035
5157 1994 5 333.664227083
5157 1994 6 337.386369665
5157 1994 7 292.97674938
5157 1994 8 332.032236141
5157 1994 9 285.659863447
5157 1994 10 544.568918976
5157 1994 11 720.039674218
5157 1994 12 772.846858395
5157 1995 1 16172.3142348
5157 1995 2 2426.39212564
5157 1995 3 13451.02605
5157 1995 4 1583.43051887
5157 1995 5 513.174535704
5157 1995 6 1560.26519316
5157 1995 7 476.333925183
5157 1995 8 357.757054248
5157 1995 9 269.035377276
5157 1995 10 197.565880117
5157 1995 11 100.770893869
5157 1995 12 1033.7076034
5157 1996 1 2613.05063461
5157 1996 2 6577.13227112
5157 1996 3 3610.88729517
5157 1996 4 849.92025975
5157 1996 5 456.823688714
5157 1996 6 305.893278061
5157 1996 7 281.069762781
5157 1996 8 260.066263301
5157 1996 9 235.986908136
5157 1996 10 1261.10137027
5157 1996 11 2673.99821196
5157 1996 12 4900.00949622
5157 1997 1 8409.76509051
5157 1997 2 702.682242305
5157 1997 3 424.081738551
5157 1997 4 335.299011187
5157 1997 5 318.664802345
5157 1997 6 219.659232977
5157 1997 7 224.169639399
5157 1997 8 231.548055518
5157 1997 9 763.103440902
5157 1997 10 207.292929611
5157 1997 11 2133.29828827
5157 1997 12 3097.71945306
5157 1998 1 5309.15349215
5157 1998 2 24511.0831569
5157 1998 3 6129.01811233
5157 1998 4 1447.77917691
5157 1998 5 2691.93396821
5157 1998 6 528.809069166
5157 1998 7 524.235213354
5157 1998 8 444.952256056
5157 1998 9 481.369525921
5157 1998 10 173.836231874
5157 1998 11 909.629694779
5157 1998 12 349.418053748
5157 1999 1 1212.05005919
5157 1999 2 768.492062262
5157 1999 3 638.516847318
5157 1999 4 1588.29376337
5157 1999 5 327.072815079
5157 1999 6 322.639399471
5157 1999 7 211.817142972
5157 1999 8 231.301445272
5157 1999 9 199.578662982
5157 1999 10 222.253174272
5157 1999 11 156.894438205
5157 1999 12 303.130023153
5157 2000 1 826.643861482
5157 2000 2 6111.13764616
5157 2000 3 2989.62846869
5157 2000 4 2211.50312503
5157 2000 5 498.877087239
5157 2000 6 357.087951292
5157 2000 7 286.697038445
5157 2000 8 276.254783787
5157 2000 9 298.759186724
5157 2000 10 1252.3857584
5157 2000 11 135.37731129
5157 2000 12 85.9251270176
5157 2001 1 4078.12583104
5157 2001 2 8848.58070689
5157 2001 3 1537.32793401
5157 2001 4 1405.21067504
5157 2001 5 537.396821224
5157 2001 6 388.483628229
5157 2001 7 336.165027023
5157 2001 8 234.516050487
5157 2001 9 168.446598024
5157 2001 10 156.661918833
5157 2001 11 1353.35999559
5157 2001 12 1179.53197468
5157 2002 1 801.097011563
5157 2002 2 349.626598811
5157 2002 3 463.362982698
5157 2002 4 163.037183416
5157 2002 5 246.016975351
5157 2002 6 140.292155599
5157 2002 7 161.427213093
5157 2002 8 165.665036226
5157 2002 9 180.763899513
5157 2002 10 276.675676453
5157 2002 11 2717.45422188
5157 2002 12 2927.41817923
5157 2003 1 247.476927998
5157 2003 2 5566.71956295
5157 2003 3 6980.66989009
5157 2003 4 1992.88909327
5157 2003 5 1581.5815638
5157 2003 6 413.383932512
5157 2003 7 356.423394036
5157 2003 8 335.251214804
5157 2003 9 291.999024941
5157 2003 10 329.168159123
5157 2003 11 853.870087867
5157 2003 12 1665.64559784
5157 2004 1 468.458732105
5157 2004 2 7594.5271794
5157 2004 3 1450.00221318
5157 2004 4 744.798659723
5157 2004 5 407.416063317
5157 2004 6 235.043395112
5157 2004 7 234.906113566
5157 2004 8 239.809799857
5157 2004 9 268.901154204
5157 2004 10 7751.58611427
5157 2004 11 1525.23044607
5157 2004 12 4941.11372967
5157 2005 1 15137.4583794
5157 2005 2 15009.9954895
5157 2005 3 3229.37974435
5157 2005 4 1509.11056094
5157 2005 5 863.185807188
5157 2005 6 492.315679336
5157 2005 7 368.164961067
5157 2005 8 308.012010094
5157 2005 9 541.964502291
5157 2005 10 1305.36398231
5157 2005 11 235.273477429
5157 2005 12 1526.28131477
5157 2006 1 539.176195207
5157 2006 2 2279.01447222
5157 2006 3 3633.6194424
5157 2006 4 3518.36138737
5157 2006 5 794.767646507
5157 2006 6 447.939569243
5157 2006 7 395.054983207
5157 2006 8 272.803532906
5157 2006 9 276.900893924
5157 2006 10 202.44368359
5157 2006 11 186.01862147
5157 2006 12 569.964896026
5157 2007 1 271.656198428
5157 2007 2 1176.76120657
5157 2007 3 216.497997456
5157 2007 4 835.342287915
5157 2007 5 282.874702923
5157 2007 6 309.261537654
5157 2007 7 452.703820037
5157 2007 8 495.388665202
5157 2007 9 1064.24731003
5157 2007 10 615.322252239
5157 2007 11 1130.33600767
5157 2007 12 1584.64017484
5157 2008 1 8010.11877853
5157 2008 2 2070.27162388
5157 2008 3 636.614850666
5157 2008 4 483.47073046
5157 2008 5 990.570614332
5157 2008 6 408.710806574
5157 2008 7 521.701809821
5157 2008 8 515.998880718
5157 2008 9 401.558724667
5157 2008 10 338.721133747
5157 2008 11 1523.83540538
5157 2008 12 3239.33128102
5157 2009 1 572.725611216
5157 2009 2 6720.99166471
5157 2009 3 702.960201415
5157 2009 4 514.729196392
5157 2009 5 397.190881043
5157 2009 6 257.175269502
5157 2009 7 425.224724061
5157 2009 8 472.674423886
5157 2009 9 441.768657083
5157 2009 10 987.014417868
5157 2009 11 298.358698688
5157 2009 12 2590.00642015
5157 2010 1 6788.65577994
5157 2010 2 6468.34952931
5157 2010 3 1325.34481715
5157 2010 4 1473.08810555
5157 2010 5 501.33596336
5157 2010 6 367.915972855
5157 2010 7 390.398887264
5157 2010 8 470.050092137
5157 2010 9 400.648540446
5157 2010 10 1099.23643977
5157 2010 11 1123.14956731
5157 2010 12 14494.1938034
5157 2011 1 1571.13114568
5157 2011 2 3117.82125268
5157 2011 3 4166.71810788
5157 2011 4 776.880837715
5157 2011 5 874.583839689
5157 2011 6 378.851311387
5157 2011 7 467.873627568
5157 2011 8 496.795053148
5157 2011 9 408.395426824
5157 2011 10 1521.31025512
5157 2011 11 1374.35167226
5157 2011 12 624.494861152
5157 2012 1 1032.74903866
5157 2012 2 744.599638154
5157 2012 3 1887.89704159
5157 2012 4 1735.46574101
5157 2012 5 0
5157 2012 6 0
5157 2012 7 0
5157 2012 8 0
5157 2012 9 0
5157 2012 10 0
5157 2012 11 0
5157 2012 12 0
