6575 1986 1 21044.1810213
6575 1986 2 29948.5419204
6575 1986 3 22533.94489
6575 1986 4 4978.58638769
6575 1986 5 2037.2607506
6575 1986 6 1411.41827539
6575 1986 7 2010.05025922
6575 1986 8 1651.24467828
6575 1986 9 3641.09467205
6575 1986 10 1852.66407781
6575 1986 11 3928.14503408
6575 1986 12 1412.8649753
6575 1987 1 3385.2410856
6575 1987 2 2414.66822533
6575 1987 3 3192.84590088
6575 1987 4 892.491772321
6575 1987 5 759.817014694
6575 1987 6 1098.80166001
6575 1987 7 1326.13256571
6575 1987 8 1846.36271068
6575 1987 9 1518.14779571
6575 1987 10 16861.2390913
6575 1987 11 4931.04407445
6575 1987 12 7633.59479718
6575 1988 1 7738.03494818
6575 1988 2 8226.86181031
6575 1988 3 2133.66972959
6575 1988 4 8380.70961768
6575 1988 5 1873.155868
6575 1988 6 1783.50936102
6575 1988 7 1749.31534672
6575 1988 8 1570.7176963
6575 1988 9 1457.11160593
6575 1988 10 948.225747648
6575 1988 11 2218.37010315
6575 1988 12 11142.951755
6575 1989 1 2120.70838574
6575 1989 2 5872.83682191
6575 1989 3 2569.69538513
6575 1989 4 1036.6088998
6575 1989 5 985.19769366
6575 1989 6 1113.86769635
6575 1989 7 1810.8796449
6575 1989 8 1765.68619002
6575 1989 9 2064.90778046
6575 1989 10 1936.68375511
6575 1989 11 1724.22819662
6575 1989 12 892.912432575
6575 1990 1 5126.91181793
6575 1990 2 8757.63429701
6575 1990 3 1478.358071
6575 1990 4 1680.7536373
6575 1990 5 2423.51124462
6575 1990 6 1600.28264297
6575 1990 7 2575.05578275
6575 1990 8 2046.69978401
6575 1990 9 1732.26094366
6575 1990 10 1390.5415866
6575 1990 11 2060.36125768
6575 1990 12 1039.12742289
6575 1991 1 4455.92677415
6575 1991 2 13352.0862236
6575 1991 3 23688.2468892
6575 1991 4 3700.90289963
6575 1991 5 1869.25935639
6575 1991 6 1243.29059627
6575 1991 7 1325.93643466
6575 1991 8 1283.96487734
6575 1991 9 1092.60739091
6575 1991 10 1929.52274812
6575 1991 11 855.224518104
6575 1991 12 12827.3367878
6575 1992 1 9394.07217248
6575 1992 2 84086.9566684
6575 1992 3 41393.1337322
6575 1992 4 5256.93449795
6575 1992 5 2176.67116521
6575 1992 6 1424.83013954
6575 1992 7 1751.32757176
6575 1992 8 1654.50034834
6575 1992 9 1383.21425117
6575 1992 10 3153.19722962
6575 1992 11 858.435244802
6575 1992 12 16559.0604781
6575 1993 1 94279.3127533
6575 1993 2 75149.4749073
6575 1993 3 20627.0458348
6575 1993 4 4264.42683941
6575 1993 5 2036.14292106
6575 1993 6 3334.71666429
6575 1993 7 1696.53471979
6575 1993 8 1311.48690071
6575 1993 9 1196.80259882
6575 1993 10 1638.3418436
6575 1993 11 2006.80950963
6575 1993 12 2870.59092444
6575 1994 1 1445.94106034
6575 1994 2 10151.5722428
6575 1994 3 6485.9010051
6575 1994 4 2217.32301365
6575 1994 5 1048.68837216
6575 1994 6 1330.9934291
6575 1994 7 1838.38259876
6575 1994 8 1976.3364373
6575 1994 9 1641.78634217
6575 1994 10 3193.21052206
6575 1994 11 2149.8763826
6575 1994 12 3449.31411524
6575 1995 1 81511.3353102
6575 1995 2 12195.3486153
6575 1995 3 48991.4770027
6575 1995 4 6613.36370869
6575 1995 5 2402.66133161
6575 1995 6 2685.05487881
6575 1995 7 1683.58821845
6575 1995 8 1783.07690556
6575 1995 9 1821.17812935
6575 1995 10 1169.08687068
6575 1995 11 575.901318032
6575 1995 12 3706.03780626
6575 1996 1 4654.48669582
6575 1996 2 15978.2725274
6575 1996 3 7868.23835071
6575 1996 4 2764.21845401
6575 1996 5 1751.69345384
6575 1996 6 1623.50477459
6575 1996 7 2051.60189608
6575 1996 8 1978.51819548
6575 1996 9 1635.80052911
6575 1996 10 3440.5394646
6575 1996 11 5380.79922432
6575 1996 12 19428.8366636
6575 1997 1 19384.6899263
6575 1997 2 3274.05163817
6575 1997 3 1772.55430044
6575 1997 4 1233.7703049
6575 1997 5 1409.80800757
6575 1997 6 1540.69800248
6575 1997 7 2005.82256473
6575 1997 8 1817.08133936
6575 1997 9 2163.27278646
6575 1997 10 1246.60719032
6575 1997 11 6692.20301324
6575 1997 12 13764.8642705
6575 1998 1 7315.56984322
6575 1998 2 108298.248944
6575 1998 3 23560.789695
6575 1998 4 7876.42353859
6575 1998 5 15696.8586793
6575 1998 6 2186.58212038
6575 1998 7 1950.38185556
6575 1998 8 1946.45094797
6575 1998 9 1605.43186031
6575 1998 10 1087.72264999
6575 1998 11 3773.38604335
6575 1998 12 1373.85549329
6575 1999 1 4490.25233965
6575 1999 2 1847.5699009
6575 1999 3 4500.27166957
6575 1999 4 6724.46669204
6575 1999 5 1466.98248271
6575 1999 6 2061.95099329
6575 1999 7 1731.78110841
6575 1999 8 1718.85877773
6575 1999 9 1412.30223692
6575 1999 10 1347.67655768
6575 1999 11 1506.52008384
6575 1999 12 1279.32439019
6575 2000 1 3071.39872246
6575 2000 2 23325.663091
6575 2000 3 11240.0255986
6575 2000 4 9070.70603422
6575 2000 5 1989.33089652
6575 2000 6 1666.41489436
6575 2000 7 1738.43759388
6575 2000 8 2057.03473154
6575 2000 9 1641.1610363
6575 2000 10 4036.1607769
6575 2000 11 990.152951427
6575 2000 12 624.906462102
6575 2001 1 16952.7269508
6575 2001 2 30087.6777698
6575 2001 3 14498.7424829
6575 2001 4 5437.54005172
6575 2001 5 1776.08973953
6575 2001 6 1485.91529555
6575 2001 7 1713.44060669
6575 2001 8 1617.35803399
6575 2001 9 1327.21601968
6575 2001 10 1227.07985546
6575 2001 11 4681.25687526
6575 2001 12 2788.85761181
6575 2002 1 2948.26784994
6575 2002 2 1023.81870396
6575 2002 3 1004.2201961
6575 2002 4 575.720242825
6575 2002 5 999.684973086
6575 2002 6 1162.17931533
6575 2002 7 1566.83942066
6575 2002 8 1558.73008179
6575 2002 9 1628.52289189
6575 2002 10 943.129604803
6575 2002 11 6558.00550099
6575 2002 12 9232.56373713
6575 2003 1 1269.01953401
6575 2003 2 23341.8459195
6575 2003 3 12845.1855428
6575 2003 4 6363.64667951
6575 2003 5 5621.04883869
6575 2003 6 1181.19442685
6575 2003 7 1686.27338698
6575 2003 8 1756.31230759
6575 2003 9 1590.6337935
6575 2003 10 1785.16421577
6575 2003 11 813.86877861
6575 2003 12 4069.23266055
6575 2004 1 1843.70303621
6575 2004 2 15572.4080517
6575 2004 3 3058.84415677
6575 2004 4 1329.33992626
6575 2004 5 1432.52470486
6575 2004 6 1313.1831625
6575 2004 7 1572.69714239
6575 2004 8 1710.04821152
6575 2004 9 1604.40621786
6575 2004 10 19245.4523661
6575 2004 11 3056.26869419
6575 2004 12 28816.9307607
6575 2005 1 97175.7074738
6575 2005 2 87621.0476951
6575 2005 3 16934.6942495
6575 2005 4 5681.20342744
6575 2005 5 2581.5597871
6575 2005 6 1498.53017599
6575 2005 7 1767.93076059
6575 2005 8 1794.64096128
6575 2005 9 1527.51226567
6575 2005 10 5103.05063196
6575 2005 11 1810.04050881
6575 2005 12 6011.32880676
6575 2006 1 4571.80345946
6575 2006 2 7703.22325608
6575 2006 3 9844.13449318
6575 2006 4 10359.0998127
6575 2006 5 3321.52314808
6575 2006 6 1820.44185138
6575 2006 7 2210.29047271
6575 2006 8 1682.18423677
6575 2006 9 1679.39494391
6575 2006 10 1129.05157047
6575 2006 11 949.140216539
6575 2006 12 2152.82633926
6575 2007 1 1040.81235886
6575 2007 2 3360.25951294
6575 2007 3 523.557375873
6575 2007 4 1396.04348919
6575 2007 5 603.519580423
6575 2007 6 585.922064886
6575 2007 7 840.550914068
6575 2007 8 909.186193313
6575 2007 9 3595.63263256
6575 2007 10 1812.36713015
6575 2007 11 1433.86391137
6575 2007 12 3323.19528266
6575 2008 1 36939.0762563
6575 2008 2 10590.4338956
6575 2008 3 2128.13430924
6575 2008 4 1162.91122244
6575 2008 5 1043.73256826
6575 2008 6 807.078619436
6575 2008 7 952.644769284
6575 2008 8 866.601392568
6575 2008 9 697.741490684
6575 2008 10 647.848607247
6575 2008 11 4634.41859212
6575 2008 12 6721.34376508
6575 2009 1 1619.46617811
6575 2009 2 17742.1774197
6575 2009 3 2324.03664304
6575 2009 4 1139.89754081
6575 2009 5 944.451204778
6575 2009 6 532.815336176
6575 2009 7 815.556053668
6575 2009 8 844.882725343
6575 2009 9 746.095749995
6575 2009 10 4597.46903075
6575 2009 11 540.382567016
6575 2009 12 7938.07688058
6575 2010 1 19550.657429
6575 2010 2 15857.0065447
6575 2010 3 4262.1311809
6575 2010 4 4900.36246369
6575 2010 5 1333.46655476
6575 2010 6 857.217647425
6575 2010 7 773.987876469
6575 2010 8 819.525101165
6575 2010 9 713.181424965
6575 2010 10 3617.49594905
6575 2010 11 2954.834402
6575 2010 12 29464.3524989
6575 2011 1 4811.04853841
6575 2011 2 10685.7417252
6575 2011 3 38475.2545306
6575 2011 4 3376.24329602
6575 2011 5 2875.7596025
6575 2011 6 982.627508969
6575 2011 7 939.632348667
6575 2011 8 840.994208057
6575 2011 9 680.623050075
6575 2011 10 2443.26465802
6575 2011 11 4766.03791183
6575 2011 12 2776.36206786
6575 2012 1 3179.98587976
6575 2012 2 498.998815595
6575 2012 3 7145.67673008
6575 2012 4 6235.15905149
6575 2012 5 0
6575 2012 6 0
6575 2012 7 0
6575 2012 8 0
6575 2012 9 0
6575 2012 10 0
6575 2012 11 0
6575 2012 12 0
