6513 1986 1 1775.65488489
6513 1986 2 2491.01008493
6513 1986 3 2680.04579227
6513 1986 4 421.672066346
6513 1986 5 171.650445962
6513 1986 6 104.143541649
6513 1986 7 69.3035923533
6513 1986 8 53.1061824837
6513 1986 9 445.151343975
6513 1986 10 70.4611134513
6513 1986 11 226.845573073
6513 1986 12 83.8754887595
6513 1987 1 328.659967002
6513 1987 2 262.008696125
6513 1987 3 267.433579333
6513 1987 4 72.6479286301
6513 1987 5 54.6362701317
6513 1987 6 39.0071170856
6513 1987 7 46.0158092224
6513 1987 8 53.0247513198
6513 1987 9 38.1257960188
6513 1987 10 938.290576616
6513 1987 11 530.397695133
6513 1987 12 457.634788593
6513 1988 1 764.531396824
6513 1988 2 930.097337051
6513 1988 3 344.949461967
6513 1988 4 784.985535968
6513 1988 5 163.177961411
6513 1988 6 92.0332600968
6513 1988 7 58.6964941789
6513 1988 8 72.4436514011
6513 1988 9 54.8203782888
6513 1988 10 28.1762935291
6513 1988 11 261.301085815
6513 1988 12 951.728775923
6513 1989 1 180.714964854
6513 1989 2 743.519612137
6513 1989 3 273.881986932
6513 1989 4 100.44010842
6513 1989 5 68.9719475883
6513 1989 6 47.8234699936
6513 1989 7 45.0316139641
6513 1989 8 42.2894065417
6513 1989 9 191.917437211
6513 1989 10 120.384052069
6513 1989 11 131.257570631
6513 1989 12 41.8075806871
6513 1990 1 450.144560493
6513 1990 2 825.134062241
6513 1990 3 101.465348202
6513 1990 4 241.802633076
6513 1990 5 232.679692472
6513 1990 6 70.4876254803
6513 1990 7 67.1272847254
6513 1990 8 57.3601345802
6513 1990 9 44.2183284827
6513 1990 10 33.7082131722
6513 1990 11 155.570609038
6513 1990 12 19.6812623473
6513 1991 1 347.229437638
6513 1991 2 1534.97611346
6513 1991 3 3188.043928
6513 1991 4 410.67314851
6513 1991 5 166.710511842
6513 1991 6 84.3246013063
6513 1991 7 57.0375884879
6513 1991 8 42.6989283909
6513 1991 9 39.603949742
6513 1991 10 156.694015132
6513 1991 11 28.4876316501
6513 1991 12 797.248894367
6513 1992 1 873.065031509
6513 1992 2 6579.23015044
6513 1992 3 4641.86349385
6513 1992 4 446.594165084
6513 1992 5 187.301843091
6513 1992 6 114.220591195
6513 1992 7 200.809138111
6513 1992 8 71.1979682502
6513 1992 9 48.5949211999
6513 1992 10 398.974959112
6513 1992 11 51.5058952586
6513 1992 12 1466.91901319
6513 1993 1 7689.92432416
6513 1993 2 5779.498383
6513 1993 3 1944.88966374
6513 1993 4 397.571783615
6513 1993 5 179.941457839
6513 1993 6 436.284538781
6513 1993 7 98.7319992965
6513 1993 8 52.5428479394
6513 1993 9 39.9068931669
6513 1993 10 55.0347841127
6513 1993 11 186.165952213
6513 1993 12 229.18466787
6513 1994 1 118.100081378
6513 1994 2 718.493459406
6513 1994 3 558.204861739
6513 1994 4 235.100520818
6513 1994 5 130.953817866
6513 1994 6 89.4006751271
6513 1994 7 59.8379805426
6513 1994 8 50.9678791817
6513 1994 9 40.4897482512
6513 1994 10 219.599166815
6513 1994 11 123.782774427
6513 1994 12 220.887965498
6513 1995 1 8185.62914833
6513 1995 2 1413.55757525
6513 1995 3 4241.74182314
6513 1995 4 621.344876718
6513 1995 5 225.543004128
6513 1995 6 419.512835661
6513 1995 7 144.688275802
6513 1995 8 80.5707354212
6513 1995 9 52.0084856808
6513 1995 10 35.6452526949
6513 1995 11 15.1696177874
6513 1995 12 211.265303621
6513 1996 1 478.323704447
6513 1996 2 2534.41055574
6513 1996 3 1395.48716507
6513 1996 4 332.263646363
6513 1996 5 141.47738705
6513 1996 6 77.8230452823
6513 1996 7 61.0853231886
6513 1996 8 51.0106468138
6513 1996 9 45.7872609171
6513 1996 10 252.444725562
6513 1996 11 501.304340411
6513 1996 12 1563.81839906
6513 1997 1 2388.77077422
6513 1997 2 399.124561119
6513 1997 3 161.175189103
6513 1997 4 102.511165323
6513 1997 5 68.5875797074
6513 1997 6 49.843156589
6513 1997 7 43.5800825187
6513 1997 8 42.1977621426
6513 1997 9 112.586381942
6513 1997 10 39.8420542334
6513 1997 11 499.675996785
6513 1997 12 731.548677251
6513 1998 1 963.019789983
6513 1998 2 8682.31342413
6513 1998 3 2267.0111633
6513 1998 4 911.825904663
6513 1998 5 1657.04535889
6513 1998 6 230.343140613
6513 1998 7 159.292383469
6513 1998 8 86.3273189562
6513 1998 9 74.6520477732
6513 1998 10 29.0846140918
6513 1998 11 251.169742976
6513 1998 12 45.5530986763
6513 1999 1 447.009209651
6513 1999 2 217.145552328
6513 1999 3 302.387365707
6513 1999 4 579.73393893
6513 1999 5 204.207271203
6513 1999 6 187.297818364
6513 1999 7 79.2769865043
6513 1999 8 63.3939736564
6513 1999 9 53.8382367583
6513 1999 10 43.3961330054
6513 1999 11 68.1643934981
6513 1999 12 46.9291542394
6513 2000 1 179.980210854
6513 2000 2 2507.44105247
6513 2000 3 1365.58216417
6513 2000 4 869.14710361
6513 2000 5 188.183627628
6513 2000 6 104.910131589
6513 2000 7 73.5003880533
6513 2000 8 61.6963779499
6513 2000 9 91.3530004378
6513 2000 10 254.486718117
6513 2000 11 32.6404768625
6513 2000 12 15.9869112459
6513 2001 1 910.884675981
6513 2001 2 2512.39281544
6513 2001 3 920.497232766
6513 2001 4 612.861930314
6513 2001 5 171.102065756
6513 2001 6 115.03959914
6513 2001 7 77.7285891834
6513 2001 8 56.6539492907
6513 2001 9 43.7913305408
6513 2001 10 31.0671495466
6513 2001 11 382.031466638
6513 2001 12 291.461642153
6513 2002 1 308.638535126
6513 2002 2 110.346671206
6513 2002 3 117.834403046
6513 2002 4 40.6319419083
6513 2002 5 79.1165548875
6513 2002 6 41.5205125349
6513 2002 7 43.1038392444
6513 2002 8 42.6326766969
6513 2002 9 93.7212032159
6513 2002 10 27.0335617195
6513 2002 11 646.791082957
6513 2002 12 694.040874877
6513 2003 1 69.8624815527
6513 2003 2 1982.01047557
6513 2003 3 1791.82468937
6513 2003 4 605.948073125
6513 2003 5 463.468132148
6513 2003 6 123.236238354
6513 2003 7 86.17455887
6513 2003 8 59.8838085872
6513 2003 9 50.745001908
6513 2003 10 122.849605635
6513 2003 11 42.4696213516
6513 2003 12 390.690269362
6513 2004 1 69.4624110484
6513 2004 2 1899.73935327
6513 2004 3 478.142364717
6513 2004 4 112.55566561
6513 2004 5 88.263113067
6513 2004 6 53.2987345295
6513 2004 7 51.1679482489
6513 2004 8 46.955238684
6513 2004 9 47.5811668484
6513 2004 10 2435.36429602
6513 2004 11 300.093755578
6513 2004 12 4752.40798623
6513 2005 1 8848.84448025
6513 2005 2 6954.7593107
6513 2005 3 1538.99038819
6513 2005 4 455.560818065
6513 2005 5 254.973517239
6513 2005 6 138.309945669
6513 2005 7 91.930609598
6513 2005 8 57.8878333564
6513 2005 9 87.2573848489
6513 2005 10 397.784379613
6513 2005 11 30.5187077448
6513 2005 12 871.875388902
6513 2006 1 286.341999059
6513 2006 2 821.252311609
6513 2006 3 1512.87727528
6513 2006 4 1518.48816405
6513 2006 5 359.830172133
6513 2006 6 170.372783373
6513 2006 7 100.532131298
6513 2006 8 55.6398053105
6513 2006 9 47.2556608384
6513 2006 10 30.4814180824
6513 2006 11 13.9583628343
6513 2006 12 158.187914368
6513 2007 1 102.642206241
6513 2007 2 338.511917885
6513 2007 3 55.4249549305
6513 2007 4 139.849045377
6513 2007 5 54.3597025412
6513 2007 6 54.6610617964
6513 2007 7 87.109568247
6513 2007 8 78.9251671816
6513 2007 9 294.427712901
6513 2007 10 134.807221345
6513 2007 11 102.489674511
6513 2007 12 503.326907782
6513 2008 1 4462.10818678
6513 2008 2 809.152514601
6513 2008 3 234.808119995
6513 2008 4 130.858616648
6513 2008 5 145.905800936
6513 2008 6 82.9060493738
6513 2008 7 85.2035727122
6513 2008 8 73.589921947
6513 2008 9 54.8073414793
6513 2008 10 46.5713732507
6513 2008 11 473.850830476
6513 2008 12 586.73806073
6513 2009 1 193.982505942
6513 2009 2 1551.70622879
6513 2009 3 211.873721424
6513 2009 4 115.266798118
6513 2009 5 97.9007641859
6513 2009 6 54.4525959231
6513 2009 7 81.6461505493
6513 2009 8 77.8876938602
6513 2009 9 63.2632583247
6513 2009 10 317.905178208
6513 2009 11 47.2010507094
6513 2009 12 870.318420147
6513 2010 1 2020.4773302
6513 2010 2 2623.42568068
6513 2010 3 751.890528063
6513 2010 4 742.032516387
6513 2010 5 179.060089749
6513 2010 6 112.58244395
6513 2010 7 83.7960681624
6513 2010 8 69.7404317114
6513 2010 9 48.3904128282
6513 2010 10 317.575422829
6513 2010 11 295.841114666
6513 2010 12 4315.42144673
6513 2011 1 644.56729182
6513 2011 2 1657.60060047
6513 2011 3 3323.51172271
6513 2011 4 394.567018602
6513 2011 5 298.172194019
6513 2011 6 131.665931332
6513 2011 7 84.1150528887
6513 2011 8 52.880186072
6513 2011 9 35.2466740965
6513 2011 10 359.655495928
6513 2011 11 369.000093868
6513 2011 12 166.735158898
6513 2012 1 255.670508979
6513 2012 2 60.0378376505
6513 2012 3 676.088278498
6513 2012 4 572.119342026
6513 2012 5 0
6513 2012 6 0
6513 2012 7 0
6513 2012 8 0
6513 2012 9 0
6513 2012 10 0
6513 2012 11 0
6513 2012 12 0
