5369 1986 1 1278.69833004
5369 1986 2 2305.14192445
5369 1986 3 5208.46931377
5369 1986 4 832.870083741
5369 1986 5 378.365607432
5369 1986 6 226.673646648
5369 1986 7 129.687677743
5369 1986 8 78.0832574359
5369 1986 9 549.972544587
5369 1986 10 199.660055433
5369 1986 11 388.168597245
5369 1986 12 134.131822937
5369 1987 1 1248.07857956
5369 1987 2 499.971827399
5369 1987 3 419.387734704
5369 1987 4 137.565950466
5369 1987 5 67.193465813
5369 1987 6 46.237084589
5369 1987 7 29.2642634964
5369 1987 8 41.8983939006
5369 1987 9 47.9457292922
5369 1987 10 914.151353484
5369 1987 11 516.754519585
5369 1987 12 886.728228901
5369 1988 1 1108.94822767
5369 1988 2 738.304504207
5369 1988 3 374.376696428
5369 1988 4 1061.26949604
5369 1988 5 298.811173942
5369 1988 6 181.981110948
5369 1988 7 94.7014477833
5369 1988 8 53.1006092267
5369 1988 9 53.675608237
5369 1988 10 37.0987765156
5369 1988 11 296.561202533
5369 1988 12 1553.62363791
5369 1989 1 558.142432599
5369 1989 2 865.229456688
5369 1989 3 654.586052766
5369 1989 4 243.725858656
5369 1989 5 144.372065204
5369 1989 6 79.6296475466
5369 1989 7 81.9205286948
5369 1989 8 65.8536464148
5369 1989 9 140.019392243
5369 1989 10 125.926079181
5369 1989 11 137.275328406
5369 1989 12 76.745672342
5369 1990 1 611.073398517
5369 1990 2 1501.45708102
5369 1990 3 332.608722115
5369 1990 4 412.382132215
5369 1990 5 470.680390387
5369 1990 6 158.521574917
5369 1990 7 144.35286111
5369 1990 8 84.5700112653
5369 1990 9 91.5692521609
5369 1990 10 61.4008229858
5369 1990 11 89.8639817626
5369 1990 12 38.6600054164
5369 1991 1 761.213167496
5369 1991 2 1870.23533902
5369 1991 3 5356.60474365
5369 1991 4 1112.47160031
5369 1991 5 344.882507815
5369 1991 6 183.528534001
5369 1991 7 102.40344966
5369 1991 8 59.2297954249
5369 1991 9 51.289989331
5369 1991 10 173.813273114
5369 1991 11 35.0142753746
5369 1991 12 777.43156987
5369 1992 1 1098.34615974
5369 1992 2 5711.49339061
5369 1992 3 6416.86565091
5369 1992 4 937.710597536
5369 1992 5 361.793470839
5369 1992 6 217.755851948
5369 1992 7 265.230753274
5369 1992 8 88.6551068753
5369 1992 9 60.9783010136
5369 1992 10 433.513589364
5369 1992 11 84.4312247339
5369 1992 12 2051.81457272
5369 1993 1 13935.9264417
5369 1993 2 10156.7279513
5369 1993 3 2243.52692434
5369 1993 4 592.625190846
5369 1993 5 359.75650755
5369 1993 6 514.79057736
5369 1993 7 166.131581969
5369 1993 8 81.6422231997
5369 1993 9 51.3404806466
5369 1993 10 39.0888332956
5369 1993 11 159.8387243
5369 1993 12 455.787946597
5369 1994 1 102.00037179
5369 1994 2 1021.28353245
5369 1994 3 890.771903129
5369 1994 4 509.967852594
5369 1994 5 193.073434575
5369 1994 6 145.540722488
5369 1994 7 89.3886749869
5369 1994 8 85.4310106946
5369 1994 9 69.9593005112
5369 1994 10 249.547313877
5369 1994 11 194.508783073
5369 1994 12 252.395155771
5369 1995 1 8287.62943028
5369 1995 2 2770.40976025
5369 1995 3 9548.2127633
5369 1995 4 869.935243455
5369 1995 5 348.534662072
5369 1995 6 616.240798735
5369 1995 7 220.16815461
5369 1995 8 125.940369444
5369 1995 9 68.37929099
5369 1995 10 42.8594552511
5369 1995 11 21.2340576075
5369 1995 12 211.16434682
5369 1996 1 881.921771203
5369 1996 2 3893.50827091
5369 1996 3 2876.67582495
5369 1996 4 468.68463295
5369 1996 5 279.205689127
5369 1996 6 147.936094278
5369 1996 7 90.1896901708
5369 1996 8 64.3113391984
5369 1996 9 54.4694493666
5369 1996 10 273.784186762
5369 1996 11 847.835975293
5369 1996 12 1705.54361121
5369 1997 1 3897.65584151
5369 1997 2 568.777019127
5369 1997 3 297.511551963
5369 1997 4 185.043760754
5369 1997 5 126.339676275
5369 1997 6 61.27830973
5369 1997 7 54.7756558642
5369 1997 8 56.0649218775
5369 1997 9 215.994891712
5369 1997 10 42.8475252312
5369 1997 11 523.281140678
5369 1997 12 909.547719125
5369 1998 1 1891.37744515
5369 1998 2 11928.9435623
5369 1998 3 3623.47260475
5369 1998 4 1343.98881081
5369 1998 5 2638.40179951
5369 1998 6 438.679008413
5369 1998 7 337.274471156
5369 1998 8 202.516869367
5369 1998 9 260.693508168
5369 1998 10 46.4353962003
5369 1998 11 277.977286617
5369 1998 12 85.1995082929
5369 1999 1 339.382905656
5369 1999 2 260.157298081
5369 1999 3 214.821785495
5369 1999 4 484.847694502
5369 1999 5 167.371470204
5369 1999 6 97.452172306
5369 1999 7 52.3911240197
5369 1999 8 55.6759685108
5369 1999 9 46.1728827866
5369 1999 10 50.9005193827
5369 1999 11 30.8153293848
5369 1999 12 114.514904446
5369 2000 1 171.475099968
5369 2000 2 2042.28182622
5369 2000 3 1485.77946951
5369 2000 4 1041.46905223
5369 2000 5 343.234056346
5369 2000 6 206.756915014
5369 2000 7 116.85215772
5369 2000 8 73.6770952362
5369 2000 9 69.0567085016
5369 2000 10 333.278392466
5369 2000 11 26.5313509224
5369 2000 12 17.030878419
5369 2001 1 1058.03940509
5369 2001 2 3776.12041128
5369 2001 3 1104.18643054
5369 2001 4 665.495991768
5369 2001 5 287.361884744
5369 2001 6 185.416220855
5369 2001 7 109.207219049
5369 2001 8 57.0020009526
5369 2001 9 34.8745518152
5369 2001 10 32.7189893372
5369 2001 11 497.237627193
5369 2001 12 415.507705853
5369 2002 1 308.784778807
5369 2002 2 128.859252458
5369 2002 3 118.442302718
5369 2002 4 32.2462653322
5369 2002 5 86.0938725549
5369 2002 6 35.3969640958
5369 2002 7 39.7920243227
5369 2002 8 39.246333924
5369 2002 9 41.9767485142
5369 2002 10 99.0025721756
5369 2002 11 766.341366485
5369 2002 12 970.965335683
5369 2003 1 155.043946976
5369 2003 2 1652.20858652
5369 2003 3 3975.92180485
5369 2003 4 882.925244101
5369 2003 5 802.702705535
5369 2003 6 295.439936087
5369 2003 7 178.681716808
5369 2003 8 116.681714217
5369 2003 9 74.8469864105
5369 2003 10 78.0512906448
5369 2003 11 136.361305163
5369 2003 12 505.304991693
5369 2004 1 128.393231559
5369 2004 2 2111.26620693
5369 2004 3 794.137476687
5369 2004 4 318.06940245
5369 2004 5 193.392649083
5369 2004 6 85.0654791309
5369 2004 7 56.8977342466
5369 2004 8 54.5006750208
5369 2004 9 64.9896002986
5369 2004 10 2762.93913862
5369 2004 11 887.743483968
5369 2004 12 1965.87419291
5369 2005 1 13656.3885974
5369 2005 2 12587.4434608
5369 2005 3 3075.15361434
5369 2005 4 761.78898333
5369 2005 5 461.789291093
5369 2005 6 287.66278554
5369 2005 7 170.583839047
5369 2005 8 100.690731444
5369 2005 9 148.355715991
5369 2005 10 432.909477224
5369 2005 11 54.4730108676
5369 2005 12 454.661858951
5369 2006 1 159.548092275
5369 2006 2 827.462810833
5369 2006 3 1204.79841163
5369 2006 4 2702.51608456
5369 2006 5 464.169738892
5369 2006 6 266.402793928
5369 2006 7 177.428726535
5369 2006 8 88.1702714764
5369 2006 9 67.7557835955
5369 2006 10 45.3328179413
5369 2006 11 49.7000543537
5369 2006 12 118.188825341
5369 2007 1 95.7066962823
5369 2007 2 340.250566988
5369 2007 3 49.7161047659
5369 2007 4 248.705904317
5369 2007 5 67.8220284785
5369 2007 6 75.4745172062
5369 2007 7 109.979886941
5369 2007 8 120.632509835
5369 2007 9 205.303708692
5369 2007 10 168.396965213
5369 2007 11 301.936558367
5369 2007 12 468.868864418
5369 2008 1 4006.55455208
5369 2008 2 2092.3252777
5369 2008 3 485.034839418
5369 2008 4 308.343984659
5369 2008 5 416.852370452
5369 2008 6 163.298325242
5369 2008 7 174.355316479
5369 2008 8 145.592573943
5369 2008 9 105.271616206
5369 2008 10 81.2969002379
5369 2008 11 506.217177148
5369 2008 12 1075.4102495
5369 2009 1 242.306574634
5369 2009 2 2784.72115077
5369 2009 3 648.069470938
5369 2009 4 315.619655935
5369 2009 5 189.560860628
5369 2009 6 88.4590284562
5369 2009 7 115.779688907
5369 2009 8 121.953525171
5369 2009 9 110.542881557
5369 2009 10 257.606582349
5369 2009 11 48.0728639879
5369 2009 12 912.814134313
5369 2010 1 2649.78919414
5369 2010 2 4383.87853181
5369 2010 3 1464.95733182
5369 2010 4 649.607288249
5369 2010 5 292.290828047
5369 2010 6 166.363926183
5369 2010 7 127.891488438
5369 2010 8 129.656045823
5369 2010 9 100.517254516
5369 2010 10 641.935229864
5369 2010 11 328.135550335
5369 2010 12 8444.44328196
5369 2011 1 1792.65530845
5369 2011 2 1373.64138571
5369 2011 3 2851.82474142
5369 2011 4 772.694721746
5369 2011 5 449.647144346
5369 2011 6 209.684966978
5369 2011 7 171.329151814
5369 2011 8 147.473134163
5369 2011 9 103.760009633
5369 2011 10 457.876139387
5369 2011 11 435.22113272
5369 2011 12 189.626915233
5369 2012 1 287.328594685
5369 2012 2 216.920598223
5369 2012 3 677.49693787
5369 2012 4 619.968026618
5369 2012 5 0
5369 2012 6 0
5369 2012 7 0
5369 2012 8 0
5369 2012 9 0
5369 2012 10 0
5369 2012 11 0
5369 2012 12 0
