5394 1986 1 1197.1280617
5394 1986 2 1949.210812
5394 1986 3 5827.64933675
5394 1986 4 2187.99187685
5394 1986 5 1355.38654615
5394 1986 6 979.471850469
5394 1986 7 681.432075438
5394 1986 8 397.549785302
5394 1986 9 505.685712821
5394 1986 10 790.187153185
5394 1986 11 692.021824481
5394 1986 12 552.499468597
5394 1987 1 1642.13306574
5394 1987 2 1092.43191171
5394 1987 3 1075.87638027
5394 1987 4 736.821683809
5394 1987 5 442.703692095
5394 1987 6 179.318589728
5394 1987 7 50.8323391937
5394 1987 8 48.8250190638
5394 1987 9 50.0158529421
5394 1987 10 450.002210731
5394 1987 11 1160.21635117
5394 1987 12 1432.87843766
5394 1988 1 1858.21295449
5394 1988 2 1483.19563535
5394 1988 3 1424.77563085
5394 1988 4 1633.27057555
5394 1988 5 1240.33329961
5394 1988 6 884.36543146
5394 1988 7 572.413619755
5394 1988 8 267.02875093
5394 1988 9 113.307373248
5394 1988 10 46.4496423814
5394 1988 11 171.220674499
5394 1988 12 1344.89953691
5394 1989 1 1451.23052132
5394 1989 2 1686.07509444
5394 1989 3 1475.04993761
5394 1989 4 1070.33876204
5394 1989 5 791.203458682
5394 1989 6 481.607595615
5394 1989 7 314.262966458
5394 1989 8 132.355155138
5394 1989 9 83.1996712538
5394 1989 10 83.5188834563
5394 1989 11 88.8927958566
5394 1989 12 57.6764269187
5394 1990 1 388.080022237
5394 1990 2 1641.31706388
5394 1990 3 1301.7719029
5394 1990 4 1108.60464214
5394 1990 5 1030.64489466
5394 1990 6 796.01179064
5394 1990 7 609.965996901
5394 1990 8 330.183917746
5394 1990 9 197.421268821
5394 1990 10 96.9629370911
5394 1990 11 69.5855815506
5394 1990 12 40.0094851881
5394 1991 1 881.370026781
5394 1991 2 1359.50623311
5394 1991 3 6456.35597948
5394 1991 4 2778.96471428
5394 1991 5 1339.43079363
5394 1991 6 921.447726837
5394 1991 7 616.631662506
5394 1991 8 314.930589176
5394 1991 9 128.81245905
5394 1991 10 94.3650052429
5394 1991 11 50.1038608233
5394 1991 12 267.933873186
5394 1992 1 1438.24076637
5394 1992 2 5634.66713845
5394 1992 3 7250.47181321
5394 1992 4 2500.06875545
5394 1992 5 1342.20428398
5394 1992 6 961.510667675
5394 1992 7 730.435141
5394 1992 8 436.756464202
5394 1992 9 190.710082875
5394 1992 10 313.198268237
5394 1992 11 560.727244718
5394 1992 12 2092.54928547
5394 1993 1 12555.586316
5394 1993 2 10395.0158899
5394 1993 3 4118.90949124
5394 1993 4 1891.17688261
5394 1993 5 1315.75593572
5394 1993 6 1210.69180014
5394 1993 7 833.79900579
5394 1993 8 499.365191598
5394 1993 9 227.075666469
5394 1993 10 68.8872929769
5394 1993 11 82.8107185798
5394 1993 12 193.634785583
5394 1994 1 106.424510508
5394 1994 2 1166.55976521
5394 1994 3 1454.89715223
5394 1994 4 1331.0853504
5394 1994 5 1020.26499512
5394 1994 6 749.496764033
5394 1994 7 486.353400639
5394 1994 8 293.215593562
5394 1994 9 142.982931391
5394 1994 10 351.726318616
5394 1994 11 287.938963944
5394 1994 12 329.67098656
5394 1995 1 7728.31472552
5394 1995 2 4506.13461519
5394 1995 3 9968.670547
5394 1995 4 2139.13902826
5394 1995 5 1344.35214319
5394 1995 6 1266.1206086
5394 1995 7 935.548767671
5394 1995 8 620.567967873
5394 1995 9 318.980553483
5394 1995 10 103.785070099
5394 1995 11 38.6946256027
5394 1995 12 130.505637983
5394 1996 1 418.301563905
5394 1996 2 3922.86714024
5394 1996 3 4595.0029368
5394 1996 4 1503.74724595
5394 1996 5 1150.86015449
5394 1996 6 772.512245322
5394 1996 7 492.992831718
5394 1996 8 233.529162145
5394 1996 9 94.595716112
5394 1996 10 128.411101791
5394 1996 11 589.314242688
5394 1996 12 2048.89797341
5394 1997 1 4206.0779772
5394 1997 2 1808.1229297
5394 1997 3 1255.8456636
5394 1997 4 903.700103951
5394 1997 5 662.42938611
5394 1997 6 354.84673076
5394 1997 7 152.184584319
5394 1997 8 55.3457845021
5394 1997 9 105.386145065
5394 1997 10 50.3944101857
5394 1997 11 260.828259861
5394 1997 12 1394.52144305
5394 1998 1 2062.85564379
5394 1998 2 9527.87633848
5394 1998 3 4961.94459593
5394 1998 4 2996.46978685
5394 1998 5 3852.16269206
5394 1998 6 1512.38609752
5394 1998 7 1231.21184077
5394 1998 8 899.988388285
5394 1998 9 859.272642061
5394 1998 10 356.546731109
5394 1998 11 381.728080679
5394 1998 12 306.008560313
5394 1999 1 331.961683587
5394 1999 2 655.249963458
5394 1999 3 554.856935338
5394 1999 4 922.201244993
5394 1999 5 593.995432463
5394 1999 6 427.14408369
5394 1999 7 198.141718826
5394 1999 8 80.3382768403
5394 1999 9 49.6208971904
5394 1999 10 52.5353503454
5394 1999 11 46.1087318252
5394 1999 12 89.9487957895
5394 2000 1 93.7551391442
5394 2000 2 1464.7534723
5394 2000 3 2503.82345745
5394 2000 4 1783.35110179
5394 2000 5 1340.52324368
5394 2000 6 964.584066598
5394 2000 7 659.848699234
5394 2000 8 380.756457904
5394 2000 9 162.227952072
5394 2000 10 159.952198178
5394 2000 11 72.0578166259
5394 2000 12 45.4125425099
5394 2001 1 1085.79049899
5394 2001 2 3843.1050369
5394 2001 3 2579.0255792
5394 2001 4 1598.06691177
5394 2001 5 1187.0940688
5394 2001 6 865.070633982
5394 2001 7 589.044961926
5394 2001 8 285.122229195
5394 2001 9 77.8933837878
5394 2001 10 44.9499256486
5394 2001 11 218.386007394
5394 2001 12 404.201586311
5394 2002 1 573.621757255
5394 2002 2 466.748678667
5394 2002 3 414.675403658
5394 2002 4 276.26068276
5394 2002 5 183.706300965
5394 2002 6 58.0991643233
5394 2002 7 48.3165721449
5394 2002 8 47.7286712927
5394 2002 9 47.9276753829
5394 2002 10 43.0186501409
5394 2002 11 925.710622718
5394 2002 12 1344.03965835
5394 2003 1 894.688345714
5394 2003 2 1820.7962003
5394 2003 3 4846.57682879
5394 2003 4 1903.370043
5394 2003 5 1762.51872796
5394 2003 6 1158.44646333
5394 2003 7 878.294742525
5394 2003 8 590.815885379
5394 2003 9 321.794474795
5394 2003 10 158.466869114
5394 2003 11 213.302962127
5394 2003 12 449.984071612
5394 2004 1 634.900677118
5394 2004 2 1801.25517935
5394 2004 3 2040.20257586
5394 2004 4 1259.83501633
5394 2004 5 938.248351691
5394 2004 6 559.752110421
5394 2004 7 297.234133325
5394 2004 8 120.983410088
5394 2004 9 58.0394489429
5394 2004 10 1871.2196725
5394 2004 11 1787.73114979
5394 2004 12 2304.9705208
5394 2005 1 13446.6359961
5394 2005 2 11742.1259267
5394 2005 3 5172.05836294
5394 2005 4 1933.89232274
5394 2005 5 1531.63826415
5394 2005 6 1146.85979779
5394 2005 7 843.694953982
5394 2005 8 537.078264191
5394 2005 9 416.081744336
5394 2005 10 732.681092993
5394 2005 11 382.732257898
5394 2005 12 284.740381713
5394 2006 1 709.148592841
5394 2006 2 734.275328402
5394 2006 3 1945.26041865
5394 2006 4 4195.66202695
5394 2006 5 1517.65479379
5394 2006 6 1129.77417043
5394 2006 7 847.410577958
5394 2006 8 511.464049127
5394 2006 9 269.34453194
5394 2006 10 84.5863853555
5394 2006 11 49.8568931674
5394 2006 12 83.5765278853
5394 2007 1 98.2097991309
5394 2007 2 151.752535495
5394 2007 3 119.584799262
5394 2007 4 146.270037849
5394 2007 5 96.4435043719
5394 2007 6 74.818042847
5394 2007 7 81.1618238639
5394 2007 8 83.081632752
5394 2007 9 99.3645789116
5394 2007 10 95.0868794186
5394 2007 11 118.253822359
5394 2007 12 516.325048367
5394 2008 1 4515.12618527
5394 2008 2 3769.5146573
5394 2008 3 1607.46932706
5394 2008 4 1188.24985176
5394 2008 5 970.633813763
5394 2008 6 696.530869131
5394 2008 7 612.149337813
5394 2008 8 477.521721125
5394 2008 9 305.517576846
5394 2008 10 184.185579591
5394 2008 11 346.287855466
5394 2008 12 1219.10207248
5394 2009 1 985.73763536
5394 2009 2 3074.13550427
5394 2009 3 1640.24599601
5394 2009 4 1156.08397202
5394 2009 5 855.214947478
5394 2009 6 506.747362261
5394 2009 7 413.115408808
5394 2009 8 359.134760281
5394 2009 9 280.488175835
5394 2009 10 425.673900703
5394 2009 11 198.10995055
5394 2009 12 1000.26013635
5394 2010 1 2597.21349894
5394 2010 2 5077.50993352
5394 2010 3 3159.67398557
5394 2010 4 1531.38403933
5394 2010 5 1145.49061209
5394 2010 6 785.442608201
5394 2010 7 572.18172312
5394 2010 8 453.9073869
5394 2010 9 306.840868596
5394 2010 10 404.904956387
5394 2010 11 474.905385234
5394 2010 12 6984.64234232
5394 2011 1 3538.64223831
5394 2011 2 1996.72595269
5394 2011 3 4167.92280732
5394 2011 4 2210.05310944
5394 2011 5 1370.18218421
5394 2011 6 934.33139252
5394 2011 7 724.641737332
5394 2011 8 563.343576429
5394 2011 9 375.821934167
5394 2011 10 608.071026838
5394 2011 11 713.847167443
5394 2011 12 480.275779172
5394 2012 1 447.875712136
5394 2012 2 566.472458854
5394 2012 3 952.136471585
5394 2012 4 1090.89285222
5394 2012 5 0
5394 2012 6 0
5394 2012 7 0
5394 2012 8 0
5394 2012 9 0
5394 2012 10 0
5394 2012 11 0
5394 2012 12 0
